tree
version=v4
num_class=1
num_tree_per_iteration=1
label_index=0
max_feature_idx=26
objective=regression
feature_names=AQI PM2.5 PM10 NO2 SO2 CO O3 Temperature Humidity Precipitation month log_PM2.5 log_CO AQI_lag_1 AQI_lag_2 AQI_roll_mean_3 AQI_roll_std_3 AQI_diff season_Spring season_Summer season_Winter weekday_1 weekday_2 weekday_3 weekday_4 weekday_5 weekday_6
feature_infos=[15.5:214.625] [0.65000000000000002:119.771] [0.92100000000000004:131.58600000000001] [0:54.566500000000005] [0.22900000000000001:41.534999999999997] [59.917000000000002:2022.9580000000001] [30.375:130.16800000000001] [14.842000000000001:33.292000000000002] [25.188499999999998:90.25] none [1:12] [0.50077528791248926:4.7938961904550403] [4.1095122819030312:7.6128102792039094] [15.5:214.625] [15.5:214.625] [41.81966666666667:204.625] [0.041501004211373697:67.555155586626682] [-98.417000000000002:88.540999999999997] [0:1] [0:1] [0:1] [0:1] [0:1] [0:1] [0:1] [0:1] [0:1]
tree_sizes=697 717 721 799 802 800 803 728 809 802 810 723 809 804 806 731 736 805 808 811 734 808 804 806 804 811 815 809 811 969 811 731 811 816 731 815 739 816 894 895 816 806 816 815 811 811 812 812 823 812 811 735 820 822 730 808 816 891 810 820 898 812 899 826 740 813 813 733 884 896 737 818 742 894 737 811 896 811 890 818 810 892 735 811 737 732 815 734 815 818 810 814 892 812 737 813 892 893 816 814 900 815 739 900 816 895 730

Tree=0
num_leaves=7
num_cat=0
split_feature=5 1 1 13 1 3
split_gain=218105 45461.5 18122.8 9446.64 3977.45 807.843
threshold=429.6665000000001 44.243500000000004 22.289500000000004 103.04150000000001 18.318500000000004 12.858500000000001
decision_type=2 2 2 2 2 2
left_child=2 3 4 -2 -1 -4
right_child=1 -3 5 -5 -6 -7
leaf_value=90.605688313137733 92.678377759536033 94.896921561540978 91.704217642582975 93.747074295717923 91.185400224282716 92.039954147648388
leaf_weight=106 86 93 58 54 86 57
leaf_count=106 86 93 58 54 86 57
internal_value=92.3507 93.8116 91.2419 93.0906 90.8653 91.8706
internal_weight=540 233 307 140 192 115
internal_count=540 233 307 140 192 115
is_linear=0
shrinkage=1


Tree=1
num_leaves=7
num_cat=0
split_feature=5 0 1 4 5 0
split_gain=207744 37570.2 17517.9 14350 4224.5 2905.98
threshold=585.27100000000007 71.937500000000014 46.312500000000007 14.202000000000002 218.62500000000003 82.354500000000016
decision_type=2 2 2 2 2 2
left_child=1 4 -2 5 -1 -3
right_child=2 3 -4 -5 -6 -7
leaf_value=-1.6464221478580547 1.363088731259793 -0.77441635197722358 2.7144622881064162 0.74641567511028395 -1.0412324174975058 -0.20028344215400007
leaf_weight=103 79 64 75 55 84 79
leaf_count=103 79 64 75 55 84 79
internal_value=0.0554612 -0.730861 2.02125 -0.122891 -1.37459 -0.457245
internal_weight=539 385 154 198 187 143
internal_count=539 385 154 198 187 143
is_linear=0
shrinkage=0.0633286


Tree=2
num_leaves=7
num_cat=0
split_feature=4 2 1 2 15 1
split_gain=154570 31981.9 25918.3 7161.38 6675.85 1875.6
threshold=15.589500000000003 60.548000000000009 24.337500000000002 85.754500000000021 76.104333333333344 16.210500000000003
decision_type=2 2 2 2 2 2
left_child=2 -2 4 -3 5 -1
right_child=1 3 -4 -5 -6 -7
leaf_value=-1.7654367725546003 0.52246852266829635 1.5818652351721449 -0.033613862390309772 2.5738059090527674 -0.69838587262125262 -1.3023421205130457
leaf_weight=56 102 61 106 56 63 94
leaf_count=56 102 61 106 56 63 94
internal_value=0.0466064 1.34212 -0.842795 2.05667 -1.24548 -1.47525
internal_weight=538 219 319 117 213 150
internal_count=538 219 319 117 213 150
is_linear=0
shrinkage=0.0633286


Tree=3
num_leaves=8
num_cat=0
split_feature=7 4 1 15 3 10 14
split_gain=147255 37842.6 25315 11595 4375.21 3433.34 1493.87
threshold=26.158500000000004 26.618500000000001 23.323000000000004 98.791666666666686 12.423000000000002 8.5000000000000018 64.479000000000013
decision_type=2 2 2 2 2 2 2
left_child=1 3 4 -1 6 -4 -2
right_child=2 -3 5 -5 -6 -7 -8
leaf_value=0.10072073112683319 -1.7402443728372723 2.4730603462093512 -0.53422004169645709 1.2745622340558218 -0.84046725595366578 0.087619145056231779 -1.3164457035636483
leaf_weight=68 63 73 67 67 54 76 71
leaf_count=68 63 73 67 67 54 76 71
internal_value=-0.00898848 1.31146 -0.838757 0.683304 -1.32177 -0.203735 -1.51572
internal_weight=539 208 331 135 188 143 134
internal_count=539 208 331 135 188 143 134
is_linear=0
shrinkage=0.0633286


Tree=4
num_leaves=8
num_cat=0
split_feature=4 1 0 10 1 16 6
split_gain=135794 22702.3 19143.3 6304.62 2437.6 2046.09 950.099
threshold=15.589500000000003 50.044000000000004 71.479500000000016 8.5000000000000018 24.700000000000006 6.0607345456795887 54.021000000000008
decision_type=2 2 2 2 2 2 2
left_child=2 3 5 -2 -4 6 -1
right_child=1 -3 4 -5 -6 -7 -8
leaf_value=-1.5170987044428654 0.34636771941505945 2.1127093158112413 -0.6024292350072411 1.1873869225561533 -0.087156903681815348 -0.88433299625534034 -1.1771477970132738
leaf_weight=66 72 77 57 71 104 54 66
leaf_count=66 72 77 57 71 104 54 66
internal_value=0.00519109 1.23603 -0.775169 0.763947 -0.269587 -1.21279 -1.34714
internal_weight=567 220 347 143 161 186 132
internal_count=567 220 347 143 161 186 132
is_linear=0
shrinkage=0.0633286


Tree=5
num_leaves=8
num_cat=0
split_feature=15 1 4 4 3 4 1
split_gain=119783 30866.9 16163 10334.3 5432.02 1918.49 1153.75
threshold=103.81250000000001 23.802000000000003 27.433000000000003 16.604000000000003 13.810500000000003 7.6560000000000015 17.981000000000005
decision_type=2 2 2 2 2 2 2
left_child=1 4 -2 5 6 -3 -1
right_child=2 3 -4 -5 -6 -7 -8
leaf_value=-1.4713979790731349 0.86162469222842197 -0.076738443061134282 2.0977934787834456 0.66015394604067557 -0.58759061733585116 -0.60094233624603599 -1.1234665887691166
leaf_weight=77 93 56 78 66 60 56 76
leaf_count=77 93 56 78 66 60 56 76
internal_value=0.0274768 -0.583942 1.42551 0.0315727 -1.09831 -0.338846 -1.29859
internal_weight=562 391 171 178 213 112 153
internal_count=562 391 171 178 213 112 153
is_linear=0
shrinkage=0.0633286


Tree=6
num_leaves=8
num_cat=0
split_feature=1 13 15 4 1 10 10
split_gain=106362 27455.4 8165.02 7963.92 3929.28 2688.77 1031.42
threshold=37.014500000000005 74.104000000000013 103.43750000000001 26.021000000000004 20.796000000000003 6.5000000000000009 5.5000000000000009
decision_type=2 2 2 2 2 2 2
left_child=1 4 5 -2 6 -3 -1
right_child=3 2 -4 -5 -6 -7 -8
leaf_value=-1.3966344986306773 1.0306468285338626 -0.48643271041846692 0.71594303201423359 2.0022249209649128 -0.55242931692886188 0.063431699952689102 -1.0457000581703393
leaf_weight=54 61 68 54 76 56 75 89
leaf_count=54 61 68 54 76 56 75 89
internal_value=0.0487023 -0.477487 0.0524941 1.56964 -1.00214 -0.198045 -1.17824
internal_weight=533 396 197 137 199 143 143
internal_count=533 396 197 137 199 143 143
is_linear=0
shrinkage=0.0633286


Tree=7
num_leaves=7
num_cat=0
split_feature=5 1 1 6 14 8
split_gain=83722.7 24914.7 6894.73 4094.99 1527.41 420.179
threshold=354.52050000000008 42.173000000000009 24.337500000000002 81.395500000000013 62.375000000000007 76.021000000000015
decision_type=2 2 2 2 2 2
left_child=2 3 4 -2 -1 -6
right_child=1 -3 -4 -5 5 -7
leaf_value=-1.2364269695862999 -0.030906925903635012 1.5012983670198765 -0.26207449695167118 0.58539869277884171 -0.76288176639047733 -0.99625031620868865
leaf_weight=76 88 107 65 85 64 60
leaf_count=76 88 107 65 85 64 60
internal_value=-0.0218843 0.741716 -0.828707 0.271905 -1.01286 -0.875815
internal_weight=545 280 265 173 200 124
internal_count=545 280 265 173 200 124
is_linear=0
shrinkage=0.0633286


Tree=8
num_leaves=8
num_cat=0
split_feature=7 1 1 4 10 6 8
split_gain=82166.6 19701.8 9711.72 5035.07 2479.5 1146.52 681.656
threshold=26.679500000000001 40.254000000000012 23.323000000000004 15.964500000000003 8.5000000000000018 51.250000000000007 74.667000000000016
decision_type=2 2 2 2 2 2 2
left_child=1 3 5 -1 -4 -2 -7
right_child=2 -3 4 -5 -6 6 -8
leaf_value=-0.068532494668471777 -1.1828978728424879 1.5584660164557382 -0.54974765185735697 0.73317232934966903 0.0066298921678231452 -1.0047553965020768 -0.72336759058619116
leaf_weight=57 58 101 58 70 72 62 78
leaf_count=57 58 101 58 70 72 62 78
internal_value=-0.0250271 0.898348 -0.666887 0.373356 -0.241604 -0.946108 -0.847994
internal_weight=556 228 328 127 130 198 140
internal_count=556 228 328 127 130 198 140
is_linear=0
shrinkage=0.0633286


Tree=9
num_leaves=8
num_cat=0
split_feature=5 7 4 14 2 1 3
split_gain=54775.1 19069 12650.5 5195.14 3914.13 2634.26 1569.25
threshold=429.6665000000001 27.025000000000002 31.204000000000004 74.104000000000013 61.45600000000001 17.981000000000005 13.427500000000002
decision_type=2 2 2 2 2 2 2
left_child=3 2 4 5 -2 -1 -5
right_child=1 -3 -4 6 -6 -7 -8
leaf_value=-1.0814733823476568 0.36946170241159215 -0.36989973925770697 1.7507733978864413 -0.48871671177675091 1.0490201225102971 -0.60077801454527258 -0.03667268174288308
leaf_weight=81 89 57 56 67 55 105 57
leaf_count=81 89 57 56 67 55 105 57
internal_value=-0.0317055 0.651912 0.943129 -0.598447 0.629026 -0.810122 -0.280926
internal_weight=567 257 200 310 144 186 124
internal_count=567 257 200 310 144 186 124
is_linear=0
shrinkage=0.0633286


Tree=10
num_leaves=8
num_cat=0
split_feature=15 20 2 10 3 7 7
split_gain=53863.3 17693.3 8061.83 7139.43 9811.66 3310.43 1047.37
threshold=106.52783333333336 1.0000000180025095e-35 72.729000000000013 8.5000000000000018 13.377000000000001 30.194000000000003 27.314500000000006
decision_type=2 2 2 2 2 2 2
left_child=1 3 -2 5 -5 6 -1
right_child=2 -3 -4 4 -6 -7 -8
leaf_value=-0.69630712133790262 0.58577929823665387 0.67027150673585578 1.5575531222397483 -0.79792669273793271 0.2811515510729094 -0.36514568458024749 -1.0486541010687325
leaf_weight=55 63 60 75 57 83 64 88
leaf_count=55 63 60 75 57 83 64 88
internal_value=0.0327397 -0.333859 1.11393 -0.507487 -0.158192 -0.743722 -0.913147
internal_weight=545 407 138 347 140 207 143
internal_count=545 407 138 347 140 207 143
is_linear=0
shrinkage=0.0633286


Tree=11
num_leaves=7
num_cat=0
split_feature=5 1 4 15 2 7
split_gain=68311.7 17052 9048 4672.04 3142.81 1048.48
threshold=429.6665000000001 32.769000000000013 22.902000000000005 90.173666666666676 73.395500000000013 28.748000000000001
decision_type=2 2 2 2 2 2
left_child=3 -2 -3 4 5 -1
right_child=1 2 -4 -5 -6 -7
leaf_value=-0.69745312443334628 0.086259353587654367 0.57278222981566296 1.5563393293901076 -0.061920154393193066 -0.33071184951829352 -0.99602040141401493
leaf_weight=98 84 59 103 54 65 91
leaf_count=98 84 59 103 54 65 91
internal_value=0.0316153 0.818478 1.19814 -0.596854 -0.710579 -0.841216
internal_weight=554 246 162 308 254 189
internal_count=554 246 162 308 254 189
is_linear=0
shrinkage=0.0633286


Tree=12
num_leaves=8
num_cat=0
split_feature=1 16 4 10 1 2 10
split_gain=41513 9791.41 8962.7 5135.68 4753.39 950.369 632.511
threshold=32.769000000000013 17.394088469155708 22.902000000000005 9.5000000000000018 23.802000000000003 40.998000000000012 7.5000000000000009
decision_type=2 2 2 2 2 2 2
left_child=1 3 -2 4 5 -1 -7
right_child=2 -3 -4 -5 -6 6 -8
leaf_value=-1.0512906763299557 0.26491865075320747 0.36959822472432136 1.1642358013385321 -0.029480595589085758 -0.21279541154089812 -0.6211818483901177 -0.89802522869184465
leaf_weight=54 80 56 100 64 69 79 57
leaf_count=54 80 56 100 64 69 79 57
internal_value=-0.0273478 -0.403447 0.764546 -0.537475 -0.663001 -0.826494 -0.737223
internal_weight=559 379 180 323 259 190 136
internal_count=559 379 180 323 259 190 136
is_linear=0
shrinkage=0.0633286


Tree=13
num_leaves=8
num_cat=0
split_feature=15 1 2 10 14 2 3
split_gain=37739.6 9956.93 6352.14 4520.43 3140.89 1684.5 780.313
threshold=106.52783333333336 30.214500000000005 84.32050000000001 9.5000000000000018 74.312500000000014 62.970500000000008 10.687500000000002
decision_type=2 2 2 2 2 2 2
left_child=1 3 -2 4 5 6 -1
right_child=2 -3 -4 -5 -6 -7 -8
leaf_value=-0.76809412248103559 0.49661339673229382 0.20425870799961593 1.3763191163690252 -0.05703984958219379 -0.34946187354989 -0.51430050987436993 -1.0984141891293442
leaf_weight=55 82 98 55 67 96 55 60
leaf_count=55 82 98 55 67 96 55 60
internal_value=-0.0657933 -0.356829 0.849794 -0.521954 -0.639056 -0.802585 -0.94045
internal_weight=568 431 137 333 266 170 115
internal_count=568 431 137 333 266 170 115
is_linear=0
shrinkage=0.0633286


Tree=14
num_leaves=8
num_cat=0
split_feature=7 1 1 16 14 2 4
split_gain=38449 12502.3 6299.53 2731.07 2563.94 1301.23 988.467
threshold=26.579000000000004 40.723000000000006 23.375000000000004 8.8461801555291419 78.771000000000015 40.648000000000003 5.1355000000000013
decision_type=2 2 2 2 2 2 2
left_child=1 3 5 -1 -4 -2 -7
right_child=2 -3 4 -5 -6 6 -8
leaf_value=-0.14013595139577212 -0.9588628860967906 1.1390831670540622 0.19283861052405196 0.45706945673075428 -0.34643582924008531 -0.7387517056434425 -0.38999528709790771
leaf_weight=56 55 100 55 68 99 78 56
leaf_count=56 55 100 55 68 99 78 56
internal_value=-0.0330703 0.612246 -0.454502 0.187366 -0.153838 -0.699484 -0.59301
internal_weight=567 224 343 124 154 189 134
internal_count=567 224 343 124 154 189 134
is_linear=0
shrinkage=0.0633286


Tree=15
num_leaves=7
num_cat=0
split_feature=7 1 4 10 1 3
split_gain=39834.4 15522.9 6215.35 4691.03 4458.1 1540.58
threshold=27.054000000000006 51.454000000000008 17.777000000000005 6.5000000000000009 24.554000000000006 10.331000000000001
decision_type=2 2 2 2 2 2
left_child=1 2 -1 -2 5 -5
right_child=3 -3 -4 4 -6 -7
leaf_value=-0.14462002774854416 -0.85197520373461344 1.4329982970075907 0.60940402297360208 -0.81409536940249239 -0.043078727541025735 -0.35639624400256281
leaf_weight=80 105 62 97 65 107 54
leaf_count=80 105 62 97 65 107 54
internal_value=-0.0523511 0.570674 0.268604 -0.50221 -0.339702 -0.606409
internal_weight=570 239 177 331 226 119
internal_count=570 239 177 331 226 119
is_linear=0
shrinkage=0.0633286


Tree=16
num_leaves=7
num_cat=0
split_feature=15 4 10 7 4 18
split_gain=43519.5 6245.79 5896.55 2307.11 1473.65 2218.03
threshold=102.87500000000001 31.021000000000004 9.5000000000000018 30.614500000000003 4.777000000000001 1.0000000180025095e-35
decision_type=2 2 2 2 2 2
left_child=2 -2 3 4 -1 -6
right_child=1 -3 -4 -5 5 -7
leaf_value=-0.81788800606165557 0.60165280483147721 1.4076387997896005 0.10065686053762565 -0.10706792721535902 -0.20724083896904993 -0.65821201413164632
leaf_weight=61 102 62 100 59 79 98
leaf_count=61 102 62 100 59 79 98
internal_value=0.0385444 0.906368 -0.319954 -0.461574 -0.549454 -0.456935
internal_weight=561 164 397 297 238 177
internal_count=561 164 397 297 238 177
is_linear=0
shrinkage=0.0633286


Tree=17
num_leaves=8
num_cat=0
split_feature=1 15 7 10 1 1 4
split_gain=34662.2 11845.4 5225.99 3202.94 3464.5 2582.11 1184.26
threshold=41.979000000000006 102.87500000000001 25.835500000000003 5.5000000000000009 23.629500000000004 55.860500000000009 5.6080000000000014
decision_type=2 2 2 2 2 2 2
left_child=1 2 -1 -4 6 -2 -5
right_child=5 -3 3 4 -6 -7 -8
leaf_value=0.25810916707495679 0.81165213261779579 0.64567958403206904 -0.72122396200100503 -0.61324689163653057 0.033329595542672008 1.4281967504744026 -0.23833961907852896
leaf_weight=62 54 66 81 83 96 55 57
leaf_count=62 54 66 81 83 96 55 57
internal_value=0.110643 -0.137276 -0.273624 -0.377623 -0.259688 1.12277 -0.460611
internal_weight=554 445 379 317 236 109 140
internal_count=554 445 379 317 236 109 140
is_linear=0
shrinkage=0.0633286


Tree=18
num_leaves=8
num_cat=0
split_feature=7 5 5 4 2 10 10
split_gain=22641.9 9336.07 5221.91 6748.93 4622.55 2635.04 1189.42
threshold=27.190000000000001 429.6665000000001 692.06250000000011 32.054500000000012 59.706500000000005 8.5000000000000018 5.5000000000000009
decision_type=2 2 2 2 2 2 2
left_child=1 -1 -3 -4 6 -6 -2
right_child=4 2 3 -5 5 -7 -8
leaf_value=-0.1782234675268673 -0.78827779635113426 1.1104336024814931 -0.053544270969701331 0.92963828150158667 -0.26816947494185495 0.28211556676048538 -0.42368230780515642
leaf_weight=62 54 79 56 56 90 57 107
leaf_count=62 54 79 56 56 90 57 107
internal_value=0.0530856 0.496989 0.716167 0.438054 -0.31155 -0.0547928 -0.545977
internal_weight=561 253 191 112 308 147 161
internal_count=561 253 191 112 308 147 161
is_linear=0
shrinkage=0.0633286


Tree=19
num_leaves=8
num_cat=0
split_feature=7 15 1 8 8 6 2
split_gain=22986.1 5846.47 5410.98 3607.51 2171.16 1262.79 778.624
threshold=26.158500000000004 127.2291666666667 23.323000000000004 49.437500000000007 71.646000000000015 65.500000000000014 44.479000000000006
decision_type=2 2 2 2 2 2 2
left_child=1 3 5 -1 -4 6 -2
right_child=2 -3 4 -5 -6 -7 -8
leaf_value=0.65279753692575981 -0.82941616772388294 0.97521436007770135 -0.33859087937207066 -0.0049092982873670749 0.17490898331406884 -0.2923740979416094 -0.52286819291170161
leaf_weight=58 55 73 54 79 85 58 84
leaf_count=58 55 73 54 79 85 58 84
internal_value=-0.00228651 0.517463 -0.327131 0.273541 -0.0245821 -0.540602 -0.644174
internal_weight=546 210 336 137 139 197 139
internal_count=546 210 336 137 139 197 139
is_linear=0
shrinkage=0.0633286


Tree=20
num_leaves=7
num_cat=0
split_feature=1 16 7 10 10 18
split_gain=25010.4 9648.67 3033.08 1610.29 1609.79 2168.83
threshold=40.462500000000013 19.416291485819478 22.395500000000002 9.5000000000000018 7.5000000000000009 1.0000000180025095e-35
decision_type=2 2 2 2 2 2
left_child=1 3 -2 4 5 -1
right_child=2 -3 -4 -5 -6 -7
leaf_value=-0.11475202685197822 1.1142607663579307 0.51433601713934329 0.48871469777347332 -0.13211438674259998 -0.64733901025360674 -0.54982883275642913
leaf_weight=95 58 59 67 95 94 89
leaf_count=95 58 59 67 95 94 89
internal_value=-0.00990812 -0.238177 0.778981 -0.357209 -0.434129 -0.3252
internal_weight=557 432 125 373 278 184
internal_count=557 432 125 373 278 184
is_linear=0
shrinkage=0.0633286


Tree=21
num_leaves=8
num_cat=0
split_feature=4 4 17 8 2 17 4
split_gain=24159.3 4529.98 6324.8 1570.75 2224 2110.69 809.701
threshold=16.779500000000002 31.021000000000004 -4.6874999999999991 58.437500000000007 58.602000000000011 -0.22950000000000151 6.5855000000000006
decision_type=2 2 2 2 2 2 2
left_child=3 2 -2 -1 6 -6 -5
right_child=1 -3 -4 4 5 -7 -8
leaf_value=0.031411634896499487 0.8933835976344674 1.0072671447432864 -0.0029858646052451309 -0.67376038040241493 0.098729098363052464 -0.37910493851114269 -0.38083772113725756
leaf_weight=54 54 68 76 67 67 83 87
leaf_count=54 54 68 76 67 67 83 87
internal_value=0.0271251 0.588447 0.36936 -0.283328 -0.339235 -0.165674 -0.508285
internal_weight=556 198 130 358 304 150 154
internal_count=556 198 130 358 304 150 154
is_linear=0
shrinkage=0.0633286


Tree=22
num_leaves=8
num_cat=0
split_feature=7 4 7 4 7 10 6
split_gain=19409.3 7435.64 3601.2 4481.03 2972.78 1463 1263.54
threshold=27.054000000000006 15.089500000000001 24.573000000000004 27.433000000000003 30.587500000000002 9.5000000000000018 58.896000000000008
decision_type=2 2 2 2 2 2 2
left_child=1 -1 3 -3 5 6 -2
right_child=4 2 -4 -5 -6 -7 -8
leaf_value=-0.1147288086208188 -0.38346482061940046 0.048471305810233366 1.0378088492501938 0.82287416014169834 0.0084886202876866702 -0.18166285798008983 -0.72112635559095495
leaf_weight=81 86 62 56 58 67 54 92
leaf_count=81 86 62 56 58 67 54 92
internal_value=-0.0161969 0.387388 0.618475 0.422773 -0.363092 -0.470401 -0.557992
internal_weight=556 257 176 120 299 232 178
internal_count=556 257 176 120 299 232 178
is_linear=0
shrinkage=0.0633286


Tree=23
num_leaves=8
num_cat=0
split_feature=7 4 7 4 6 2 8
split_gain=19868.6 9041.83 6484.69 4211.43 1853.74 861.054 586.328
threshold=27.268500000000003 13.825000000000001 24.737500000000001 23.454500000000007 69.958500000000015 71.89800000000001 75.812500000000014
decision_type=2 2 2 2 2 2 2
left_child=1 -1 3 -3 5 6 -2
right_child=4 2 -4 -5 -6 -7 -8
leaf_value=-0.22467580575586807 -0.70224194506259829 -0.049238845637153979 1.1363801273180185 0.68634903299071603 -0.11614920854068242 -0.27958155567026882 -0.44489459242489537
leaf_weight=70 61 57 64 69 85 68 85
leaf_count=70 61 57 64 69 85 68 85
internal_value=-0.0142835 0.390595 0.617274 0.353587 -0.366352 -0.46573 -0.552424
internal_weight=559 260 190 126 299 214 146
internal_count=559 260 190 126 299 214 146
is_linear=0
shrinkage=0.0633286


Tree=24
num_leaves=8
num_cat=0
split_feature=1 8 1 2 8 15 2
split_gain=15728.9 3356.54 3349.37 2859.24 3014.9 1262.93 1085.36
threshold=37.152000000000008 60.937500000000007 16.058500000000006 49.390000000000008 76.229000000000013 85.381833333333347 60.790000000000006
decision_type=2 2 2 2 2 2 2
left_child=2 -2 -1 4 -4 6 -5
right_child=1 -3 3 5 -6 -7 -8
leaf_value=-0.65333248034420943 0.83670730579576946 0.24414057688862292 -0.13874931647659225 -0.5917348293291288 0.47514099550836353 -0.067774338604191381 -0.2340685468860236
leaf_weight=54 82 72 77 54 55 93 92
leaf_count=54 82 72 77 54 55 93 92
internal_value=0.0113402 0.55967 -0.18735 -0.119522 0.117041 -0.250177 -0.366362
internal_weight=579 154 425 371 132 239 146
internal_count=579 154 425 371 132 239 146
is_linear=0
shrinkage=0.0633286


Tree=25
num_leaves=8
num_cat=0
split_feature=4 8 15 7 7 17 4
split_gain=12177.2 6879.86 4655.85 1756.11 1627.07 996.682 1031.54
threshold=15.589500000000003 75.416500000000013 128.88200000000003 25.965000000000003 30.587500000000002 1.7289999999999994 6.2645000000000008
decision_type=2 2 2 2 2 2 2
left_child=3 2 -2 -1 5 6 -5
right_child=1 -3 -4 4 -6 -7 -8
leaf_value=0.085469423631692257 -0.1171813066983331 0.94085424936398654 0.58709837318968272 -0.43936620185558584 -0.027115297773816049 -0.5630716077500213 -0.11887624034002639
leaf_weight=54 104 58 59 87 66 81 75
leaf_count=54 104 58 59 87 66 81 75
internal_value=-0.0220915 0.348523 0.137746 -0.247728 -0.305957 -0.38169 -0.290994
internal_weight=584 221 163 363 309 243 162
internal_count=584 221 163 363 309 243 162
is_linear=0
shrinkage=0.0633286


Tree=26
num_leaves=8
num_cat=0
split_feature=14 8 10 15 15 8 4
split_gain=9478.72 6006.55 2796.53 4487.91 1989.99 1428.23 2375.5
threshold=144.70850000000004 49.041500000000006 8.5000000000000018 76.812500000000014 66.236166666666676 77.291500000000013 10.248000000000003
decision_type=2 2 2 2 2 2 2
left_child=1 -1 4 -4 -3 6 -6
right_child=-2 2 3 -5 5 -7 -8
leaf_value=0.44944282566517241 0.76360414858122705 -0.58490923920006788 0.42430317488240799 -0.27352836516619722 -0.087498603243079176 0.055890003234316865 -0.63836029155728735
leaf_weight=70 58 75 66 84 75 60 54
leaf_count=70 58 75 66 84 75 60 54
internal_value=-0.00142209 -0.0931014 -0.184838 0.033519 -0.308903 -0.199372 -0.318098
internal_weight=542 484 414 150 264 189 129
internal_count=542 484 414 150 264 189 129
is_linear=0
shrinkage=0.0633286


Tree=27
num_leaves=8
num_cat=0
split_feature=1 15 15 7 7 10 4
split_gain=10742.9 7589.6 4235.08 1693.05 2026.09 812.394 880.74
threshold=35.998000000000012 114.93750000000001 101.95150000000002 30.614500000000003 25.931000000000001 5.5000000000000009 5.8935000000000004
decision_type=2 2 2 2 2 2 2
left_child=2 -2 3 4 -1 -6 -7
right_child=1 -3 -4 -5 5 6 -8
leaf_value=0.026246869452283366 0.9660418604611053 0.058632829592922923 0.35529459258657564 0.080248404984303315 -0.57837289810326198 -0.44791264255136659 -0.14369681190209088
leaf_weight=58 68 81 55 54 67 87 68
leaf_count=58 68 81 55 54 67 87 68
internal_value=0.0155146 0.472759 -0.159627 -0.244421 -0.307036 -0.394109 -0.314454
internal_weight=538 149 389 334 280 222 155
internal_count=538 149 389 334 280 222 155
is_linear=0
shrinkage=0.0633286


Tree=28
num_leaves=8
num_cat=0
split_feature=4 16 13 1 4 7 2
split_gain=9185.2 4744.17 2795.24 2218.87 1748.26 1422.65 639.955
threshold=32.054500000000012 18.998210445315536 92.791500000000013 17.981000000000005 13.195500000000001 30.194000000000003 59.997500000000009
decision_type=2 2 2 2 2 2 2
left_child=1 2 3 -1 5 6 -5
right_child=-2 -3 -4 4 -6 -7 -8
leaf_value=-0.40409086975859793 0.65111156311069207 0.35917208918452354 -0.52241374540886309 -0.40680133629913151 0.27959780547019691 0.12957000966892177 -0.11957758617244443
leaf_weight=89 66 65 96 56 55 59 70
leaf_count=89 66 65 96 56 55 59 70
internal_value=-0.0502249 -0.144693 -0.221756 -0.134023 -0.0338706 -0.127066 -0.247237
internal_weight=556 490 425 329 240 185 126
internal_count=556 490 425 329 240 185 126
is_linear=0
shrinkage=0.0633286


Tree=29
num_leaves=10
num_cat=0
split_feature=3 8 1 13 1 5 15 7 3
split_gain=7924.19 4789.35 4261.41 3934.48 2152.29 1660.28 1694 879.287 276.15
threshold=17.944000000000003 78.146000000000015 56.166500000000006 114.43750000000001 30.654000000000003 192.60400000000001 67.535000000000011 27.873000000000001 11.518500000000001
decision_type=2 2 2 2 2 2 2 2 2
left_child=5 2 3 4 -2 6 -1 -7 -9
right_child=1 -3 -4 -5 -6 7 -8 8 -10
leaf_value=-0.30262029550715253 -0.11076676597146463 0.76292154920729005 0.59109522685262883 -0.49582378237573971 0.42804811660290459 -0.1902332222589079 0.19218612229756182 -0.37709588890728707 -0.5796624329864557
leaf_weight=55 61 54 54 55 58 70 56 54 54
leaf_count=55 61 54 54 55 58 70 56 54 54
internal_value=-0.0121655 0.226661 0.0996467 -0.0528766 0.151852 -0.245207 -0.0529892 -0.365072 -0.478388
internal_weight=571 282 228 174 119 289 111 178 108
internal_count=571 282 228 174 119 289 111 178 108
is_linear=0
shrinkage=0.0633286


Tree=30
num_leaves=8
num_cat=0
split_feature=1 10 7 15 8 6 16
split_gain=9978.43 5850.17 4058.67 4301.45 2826.14 2508.83 1867.83
threshold=55.860500000000009 10.500000000000002 23.583500000000004 77.250166666666686 74.187500000000014 50.625000000000007 3.3907611382717229
decision_type=2 2 2 2 2 2 2
left_child=1 2 -1 5 -5 -4 -7
right_child=-2 -3 3 4 -6 6 -8
leaf_value=0.2790431814293034 0.81133548392799959 0.44894154798354313 -0.41841682213355291 -0.88355854534999123 -0.26787278710442991 0.36526595406278928 -0.10218567855141329
leaf_weight=73 61 79 58 54 67 55 91
leaf_count=73 61 79 58 54 67 55 91
internal_value=0.0486826 -0.0488502 -0.14766 -0.243505 -0.542651 -0.0660667 0.0739116
internal_weight=538 477 398 325 121 204 146
internal_count=538 477 398 325 121 204 146
is_linear=0
shrinkage=0.0633286


Tree=31
num_leaves=7
num_cat=0
split_feature=8 1 17 10 6 3
split_gain=5680.44 4210.91 4224.48 1517.77 1114.56 1766.03
threshold=81.604000000000013 33.308500000000002 7.4170000000000025 9.5000000000000018 68.854000000000013 8.8725000000000005
decision_type=2 2 2 2 2 2
left_child=1 3 -3 4 5 -1
right_child=-2 2 -4 -5 -6 -7
leaf_value=-0.16883937273015701 0.59608613344354544 0.44642796958534881 -0.20606153603313285 0.039994249391168329 -0.1243181084767128 -0.61138189170546442
leaf_weight=69 56 98 67 73 98 76
leaf_count=69 56 98 67 73 98 76
internal_value=-0.00754922 -0.077829 0.181478 -0.213227 -0.289297 -0.400798
internal_weight=537 481 165 316 243 145
internal_count=537 481 165 316 243 145
is_linear=0
shrinkage=0.0633286


Tree=32
num_leaves=8
num_cat=0
split_feature=15 8 16 6 7 7 2
split_gain=5094.43 3260.22 1917.24 2050.99 1567.58 1496.01 437.029
threshold=128.88200000000003 81.375000000000014 4.7370669535456864 64.021000000000015 24.573000000000004 30.114500000000003 57.573000000000008
decision_type=2 2 2 2 2 2 2
left_child=1 2 3 -1 -4 6 -6
right_child=-2 -3 4 -5 5 -7 -8
leaf_value=-0.26507104702415329 0.37098066261433893 0.28428678676671737 -0.12092443278609842 0.19799512348743611 -0.4527902838437371 -0.17891153840471577 -0.69467431850555417
leaf_weight=88 79 54 85 68 58 55 62
leaf_count=88 79 54 85 68 58 55 62
internal_value=-0.0995545 -0.178646 -0.238739 -0.0632217 -0.344048 -0.45242 -0.577773
internal_weight=549 470 416 156 260 175 120
internal_count=549 470 416 156 260 175 120
is_linear=0
shrinkage=0.0633286


Tree=33
num_leaves=8
num_cat=0
split_feature=1 10 3 10 14 14 14
split_gain=8013.66 4986.41 4040.99 4883.19 1762.1 1102.53 1199.64
threshold=58.566500000000012 2.5000000000000004 28.085500000000003 9.5000000000000018 74.104000000000013 66.646000000000015 61.604500000000009
decision_type=2 2 2 2 2 2 2
left_child=1 -1 3 4 5 6 -3
right_child=-2 2 -4 -5 -6 -7 -8
leaf_value=0.49541135608178422 0.78105953439772913 -0.36344074522098613 -0.55976384262864975 0.37451251220671639 0.050756246187072827 -0.50048242956953259 0.047677217120221646
leaf_weight=63 54 59 67 92 102 60 55
leaf_count=63 54 59 67 92 102 60 55
internal_value=0.0483099 -0.0311475 -0.10741 -0.0250492 -0.158238 -0.280751 -0.165097
internal_weight=552 498 435 368 276 174 114
internal_count=552 498 435 368 276 174 114
is_linear=0
shrinkage=0.0633286


Tree=34
num_leaves=7
num_cat=0
split_feature=7 16 1 16 4 7
split_gain=6217.85 5293.62 3417.19 2320.31 1957.9 1656.48
threshold=26.881000000000004 19.156220272880613 38.560000000000009 5.6095590111452998 6.2355000000000009 29.504000000000001
decision_type=2 2 2 2 2 2
left_child=1 2 -1 4 -2 -5
right_child=3 -3 -4 5 -6 -7
leaf_value=-0.1991489816010521 -0.25092713465820005 0.72219553251723623 0.36972909344674659 -0.63596030386067182 0.16329915850722829 -0.16990208866003351
leaf_weight=99 102 63 74 66 83 57
leaf_count=99 102 63 74 66 83 57
internal_value=-0.0194044 0.225186 0.0441875 -0.206818 -0.0650853 -0.419988
internal_weight=544 236 173 308 185 123
internal_count=544 236 173 308 185 123
is_linear=0
shrinkage=0.0633286


Tree=35
num_leaves=8
num_cat=0
split_feature=15 5 8 18 17 8 8
split_gain=8540.59 7049.92 1875.81 1833.83 1148.94 763.914 1173.41
threshold=107.34733333333334 761.08300000000008 58.437500000000007 1.0000000180025095e-35 -4.6874999999999991 78.812500000000014 74.667000000000016
decision_type=2 2 2 2 2 2 2
left_child=2 -2 -1 4 -4 6 -6
right_child=1 -3 3 -5 5 -7 -8
leaf_value=0.11970130765393719 0.83418032862049718 -0.088209443594165687 0.10779469227732463 -0.475359310308691 -0.28717693250670079 -0.39681634623656564 0.097870124913888856
leaf_weight=75 73 61 57 90 77 63 54
leaf_count=75 73 61 57 90 77 63 54
internal_value=-0.0254059 0.414291 -0.16704 -0.230107 -0.142165 -0.215607 -0.128456
internal_weight=550 134 416 341 251 194 131
internal_count=550 134 416 341 251 194 131
is_linear=0
shrinkage=0.0633286


Tree=36
num_leaves=7
num_cat=0
split_feature=1 24 23 8 10 4
split_gain=7717.99 2091.42 2890.67 1445.98 1973.17 1275.04
threshold=45.63750000000001 1.0000000180025095e-35 1.0000000180025095e-35 75.104000000000013 8.5000000000000018 12.664500000000002
decision_type=2 2 2 2 2 2
left_child=1 2 3 5 -5 -1
right_child=-2 -3 -4 4 -6 -7
leaf_value=-0.18866346654886845 0.5480855051701965 0.24278607766236776 0.24726650017072666 -0.26018035987333871 0.1817037949467139 -0.54722339523870211
leaf_weight=86 92 66 64 105 66 74
leaf_count=86 92 66 64 105 66 74
internal_value=0.0184939 -0.0871965 -0.142334 -0.217665 -0.0896285 -0.354502
internal_weight=553 461 395 331 171 160
internal_count=553 461 395 331 171 160
is_linear=0
shrinkage=0.0633286


Tree=37
num_leaves=8
num_cat=0
split_feature=4 13 6 10 4 1 6
split_gain=5297.17 6517.46 2394.79 3860.38 2338.99 1096.42 1277.25
threshold=22.902000000000005 142.31250000000003 73.895500000000013 6.5000000000000009 11.393500000000001 24.610500000000005 58.896000000000008
decision_type=2 2 2 2 2 2 2
left_child=2 -2 4 -4 5 6 -1
right_child=1 -3 3 -5 -6 -7 -8
leaf_value=-0.084738633904323291 0.77263499092840504 -0.15451758479327199 -0.18309279291089939 0.45306850971506257 -0.59503389427548059 0.092378754087257722 -0.45829060376705849
leaf_weight=100 68 55 91 66 55 62 58
leaf_count=100 68 55 91 66 55 62 58
internal_value=-0.00859926 0.358059 -0.112996 0.0843403 -0.225657 -0.133308 -0.221869
internal_weight=555 123 432 157 275 220 158
internal_count=555 123 432 157 275 220 158
is_linear=0
shrinkage=0.0633286


Tree=38
num_leaves=9
num_cat=0
split_feature=14 8 20 7 15 17 4 4
split_gain=5786.19 5109.4 3007.32 2573.68 2290.98 1762.89 1609.59 220.419
threshold=105.37500000000001 68.396000000000015 1.0000000180025095e-35 30.685500000000001 75.993000000000009 -0.81249999999999989 9.2855000000000008 4.777000000000001
decision_type=2 2 2 2 2 2 2 2
left_child=2 -2 3 4 6 -6 7 -1
right_child=1 -3 -4 -5 5 -7 -8 -9
leaf_value=-0.32897267177599532 0.040062415765739962 0.79781284897434102 0.31752513339843957 0.22354855838399834 -0.20046276583287434 -0.67959351567182125 0.1802908718894036 -0.1546036672382291
leaf_weight=54 86 61 57 54 57 67 55 63
leaf_count=54 86 61 57 54 57 67 55 63
internal_value=0.0139624 0.354509 -0.109037 -0.178507 -0.251856 -0.459354 -0.102261 -0.235086
internal_weight=554 147 407 350 296 124 172 117
internal_count=554 147 407 350 296 124 172 117
is_linear=0
shrinkage=0.0633286


Tree=39
num_leaves=9
num_cat=0
split_feature=8 16 16 3 10 4 17 6
split_gain=6038.55 2822.98 3273.4 3170.52 2243.1 2222.43 768.347 725.102
threshold=81.875000000000014 19.156220272880613 13.524353870771268 30.269000000000002 9.5000000000000018 11.504000000000001 -1.8119999999999974 62.479500000000009
decision_type=2 2 2 2 2 2 2 2
left_child=1 2 3 4 5 6 -1 -8
right_child=-2 -3 -4 -5 -6 -7 7 -9
leaf_value=-0.26915277361595946 0.64639576129131171 0.25931171670813263 -0.5577107793797732 0.39031984125011132 0.15811352695407974 -0.53554843741126601 -0.16441119852179048 0.16227226475247816
leaf_weight=72 54 94 60 55 82 67 55 54
leaf_count=72 54 94 60 55 82 67 55 54
internal_value=0.00794338 -0.0560224 -0.122633 -0.0548263 -0.129019 -0.223959 -0.108614 -0.00256801
internal_weight=593 539 445 385 330 248 181 109
internal_count=593 539 445 385 330 248 181 109
is_linear=0
shrinkage=0.0633286


Tree=40
num_leaves=8
num_cat=0
split_feature=17 17 10 16 3 5 7
split_gain=3793.46 6837.67 5503.56 3197.6 2355.68 1089.18 1203.54
threshold=-14.832999999999997 -8.2289999999999974 3.5000000000000004 11.648191510167587 23.416500000000003 181.45850000000004 28.491500000000006
decision_type=2 2 2 2 2 2 2
left_child=-1 -2 -3 4 5 -4 -7
right_child=1 2 3 -5 -6 6 -8
leaf_value=0.4094389633330846 -0.74482168715948616 0.46350275757692655 0.079471596288305094 -0.5144846204373531 0.33294772993000543 -0.0095578664208100881 -0.3671735717887909
leaf_weight=65 59 78 73 68 57 65 90
leaf_count=65 59 78 73 68 57 65 90
internal_value=-0.0451364 -0.105439 -0.0179099 -0.124286 -0.0311835 -0.122218 -0.217208
internal_weight=555 490 431 353 285 228 155
internal_count=555 490 431 353 285 228 155
is_linear=0
shrinkage=0.0633286


Tree=41
num_leaves=8
num_cat=0
split_feature=1 6 10 2 2 0 0
split_gain=6249.26 4023.96 2083.85 1498.63 677.252 807.462 705.871
threshold=32.13750000000001 90.062500000000014 9.5000000000000018 78.096000000000018 49.739500000000007 70.729500000000016 63.958500000000008
decision_type=2 2 2 2 2 2 2
left_child=2 -2 3 4 6 -6 -1
right_child=1 -3 -4 -5 5 -7 -8
leaf_value=-0.28361115918904301 0.027677827299342362 0.62834934770803885 0.17434865446633604 0.11948157986705932 -0.19373745752029792 -0.51086320788095718 0.029242326563534447
leaf_weight=61 83 97 86 55 67 62 55
leaf_count=61 83 97 86 55 67 62 55
internal_value=0.0432273 0.351376 -0.10047 -0.179252 -0.246315 -0.34616 -0.135277
internal_weight=566 180 386 300 245 129 116
internal_count=566 180 386 300 245 129 116
is_linear=0
shrinkage=0.0633286


Tree=42
num_leaves=8
num_cat=0
split_feature=6 1 18 2 3 8 4
split_gain=5371.4 2927.48 2708.76 1641.13 2073.63 4876.96 846.456
threshold=88.520500000000013 35.998000000000012 1.0000000180025095e-35 94.279000000000011 13.531500000000003 63.041500000000006 5.0165000000000015
decision_type=2 2 2 2 2 2 2
left_child=2 -2 3 4 6 -6 -1
right_child=1 -3 -4 -5 5 -7 -8
leaf_value=-0.0029895058805890686 -0.016589213098218428 0.55956317439393011 -0.43696535305011386 -0.3275118205773061 -0.20647848217637305 0.51543321029129885 -0.32484238898771445
leaf_weight=79 56 96 75 57 66 87 56
leaf_count=79 56 96 75 57 66 87 56
internal_value=0.0247129 0.347299 -0.0920336 -0.0170465 0.0444015 0.204022 -0.136502
internal_weight=572 152 420 345 288 153 135
internal_count=572 152 420 345 288 153 135
is_linear=0
shrinkage=0.0633286


Tree=43
num_leaves=8
num_cat=0
split_feature=8 2 0 10 17 2 0
split_gain=4555.76 4840.04 4827.92 3530.6 2849.07 765.347 983.759
threshold=40.979500000000009 85.754500000000021 107.43750000000001 9.5000000000000018 1.0414999999999994 58.602000000000011 65.521000000000015
decision_type=2 2 2 2 2 2 2
left_child=-1 2 3 5 -3 6 -2
right_child=1 4 -4 -5 -6 -7 -8
leaf_value=0.55038792558031635 -0.41464284549910563 0.61632878525090085 -0.72390371642543927 0.30164115179388656 -0.0021916202785473233 -0.019630239536567763 -0.10942817460429374
leaf_weight=54 90 56 55 74 64 68 80
leaf_count=54 90 56 55 74 64 68 80
internal_value=-0.00148753 -0.062683 -0.176844 -0.0804033 0.286456 -0.199192 -0.271015
internal_weight=541 487 367 312 120 238 170
internal_count=541 487 367 312 120 238 170
is_linear=0
shrinkage=0.0633286


Tree=44
num_leaves=8
num_cat=0
split_feature=8 0 4 7 14 2 3
split_gain=3676.34 2859.4 2672.65 883.723 1060.84 937.241 486.064
threshold=40.979500000000009 115.20850000000002 15.589500000000003 29.504000000000001 69.437500000000014 55.908000000000008 9.2795000000000005
decision_type=2 2 2 2 2 2 2
left_child=-1 2 3 4 -2 -6 -5
right_child=1 -3 -4 6 5 -7 -8
leaf_value=0.44691566270364808 -0.022560842683677397 -0.41362703238874493 0.28168519155719501 0.16463272035732224 -0.51113501402618622 -0.15158814432550524 -0.1028368622026674
leaf_weight=54 84 96 87 54 54 63 55
leaf_count=54 84 96 87 54 54 63 55
internal_value=-0.0491425 -0.103479 -0.0284793 -0.115527 -0.194266 -0.317538 0.0296716
internal_weight=547 493 397 310 201 117 109
internal_count=547 493 397 310 201 117 109
is_linear=0
shrinkage=0.0633286


Tree=45
num_leaves=8
num_cat=0
split_feature=15 1 0 8 8 6 6
split_gain=2531.44 2008.01 2077.73 1758.11 700.401 1074.82 1253.7
threshold=127.2291666666667 37.014500000000005 88.521000000000015 68.729000000000013 74.354000000000013 51.562500000000007 61.479000000000006
decision_type=2 2 2 2 2 2 2
left_child=1 2 3 -1 -5 -6 -7
right_child=-2 -3 -4 4 5 6 -8
leaf_value=0.26560956857916135 0.29843275013043946 0.23806996940168912 -0.40744472745850868 -0.30529593411388173 -0.2646586590747419 0.27693524580507828 -0.12970155002068087
leaf_weight=59 94 75 80 61 66 55 68
leaf_count=59 94 75 80 61 66 55 68
internal_value=-0.00124647 -0.0619583 -0.119805 -0.0453335 -0.118717 -0.0584966 0.0521294
internal_weight=558 464 389 309 250 189 123
internal_count=558 464 389 309 250 189 123
is_linear=0
shrinkage=0.0633286


Tree=46
num_leaves=8
num_cat=0
split_feature=7 14 15 3 4 2 1
split_gain=2948.19 2791.23 2116.7 3392.38 3242.35 1751.77 607.33
threshold=26.881000000000004 144.70850000000004 77.409833333333339 13.427500000000002 8.1650000000000009 61.283500000000011 17.981000000000005
decision_type=2 2 2 2 2 2 2
left_child=1 5 3 6 -4 -1 -2
right_child=2 -3 4 -5 -6 -7 -8
leaf_value=-0.13837013694547751 -0.32598458591373403 0.54509888582198995 0.024783035756178962 0.41332444058679335 -0.62437318406247633 0.24881444361378385 -0.058101293191687525
leaf_weight=106 62 55 54 54 72 84 75
leaf_count=106 62 55 54 54 72 84 75
internal_value=-0.0171742 0.147815 -0.144689 -0.0117751 -0.346167 0.032807 -0.179336
internal_weight=562 245 317 191 126 190 137
internal_count=562 245 317 191 126 190 137
is_linear=0
shrinkage=0.0633286


Tree=47
num_leaves=8
num_cat=0
split_feature=4 8 0 14 4 3 2
split_gain=2987.45 3272.85 2592.83 1298.87 826.368 827.163 485.456
threshold=22.902000000000005 64.416500000000013 95.583000000000013 85.312500000000014 4.777000000000001 14.843500000000001 50.185000000000009
decision_type=2 2 2 2 2 2 2
left_child=2 -2 3 4 -1 6 -6
right_child=1 -3 -4 -5 5 -7 -8
leaf_value=-0.28816796109627768 0.60755562120926299 -0.047326648651080279 -0.41190414739667069 0.18489192974116003 0.21302587197253739 -0.20580072732761534 -0.055500429915386854
leaf_weight=69 55 69 90 85 54 66 54
leaf_count=69 55 69 90 85 54 66 54
internal_value=-0.0298257 0.24315 -0.110805 -0.0281844 -0.102718 -0.0291753 0.0787641
internal_weight=542 124 418 328 243 174 108
internal_count=542 124 418 328 243 174 108
is_linear=0
shrinkage=0.0633286


Tree=48
num_leaves=8
num_cat=0
split_feature=23 1 4 16 14 16 7
split_gain=2619.65 2005.68 1398.82 1051.38 887.448 1762.55 1476.28
threshold=1.0000000180025095e-35 42.173000000000009 17.979000000000003 2.4893788163396358 63.271000000000008 9.2359803315085234 28.525000000000002
decision_type=2 2 2 2 2 2 2
left_child=1 2 3 -1 -5 6 -6
right_child=-2 -3 -4 4 5 -7 -8
leaf_value=-0.2785326174725965 0.34087786985403223 0.18777065846959348 -0.35601917042682779 -0.22976520551140561 0.45854626869191906 -0.16943548927718036 0.0021301465472760429
leaf_weight=73 73 101 85 55 54 80 60
leaf_count=73 73 101 85 55 54 80 60
internal_value=-0.0138524 -0.0648285 -0.127513 -0.0671919 -0.00523089 0.0584274 0.218331
internal_weight=581 508 407 322 249 194 114
internal_count=581 508 407 322 249 194 114
is_linear=0
shrinkage=0.0633286


Tree=49
num_leaves=8
num_cat=0
split_feature=7 4 1 8 0 17 17
split_gain=4183.17 3012.81 4467.41 2652.71 1620.54 428.324 619.729
threshold=26.679500000000001 27.433000000000003 25.800000000000001 70.250000000000014 85.896000000000015 1.333500000000001 -3.9585000000000004
decision_type=2 2 2 2 2 2 2
left_child=1 2 -1 -2 5 6 -5
right_child=3 -3 -4 4 -6 -7 -8
leaf_value=0.48064818572149315 -0.48301892014163322 0.54801799147497843 -0.23659696011899228 -0.027816829666790249 0.26892548744321648 0.0093477357279537383 -0.29507886656028842
leaf_weight=59 67 77 85 61 55 72 81
leaf_count=59 67 77 85 61 55 72 81
internal_value=0.0142708 0.228262 0.0572768 -0.12648 -0.0376739 -0.116475 -0.180271
internal_weight=557 221 144 336 269 214 142
internal_count=557 221 144 336 269 214 142
is_linear=0
shrinkage=0.0633286


Tree=50
num_leaves=8
num_cat=0
split_feature=6 0 1 13 14 5 14
split_gain=2592.47 3765.27 8184.93 1516.72 1439.99 1758.19 658.728
threshold=74.146000000000015 142.31250000000003 35.273000000000003 81.146000000000015 97.937500000000014 291.9165000000001 65.208000000000013
decision_type=2 2 2 2 2 2 2
left_child=4 2 3 -2 5 6 -1
right_child=1 -3 -4 -5 -6 -7 -8
leaf_value=-0.24063062735376781 -0.19558972241689435 -0.27074847071602398 0.87506917179640686 0.24572305226327273 -0.37544184148716142 0.27111893994793795 0.0011749643529209187
leaf_weight=87 64 54 70 61 54 64 94
leaf_count=87 64 54 70 61 54 64 94
internal_value=0.0462767 0.197215 0.326807 0.0197714 -0.079422 -0.0141744 -0.115053
internal_weight=548 249 195 125 299 245 181
internal_count=548 249 195 125 299 245 181
is_linear=0
shrinkage=0.0633286


Tree=51
num_leaves=7
num_cat=0
split_feature=16 17 6 5 13 13
split_gain=1980.3 1900.13 2378.8 1756.55 1078.94 1855.42
threshold=19.156220272880613 -6.8334999999999999 96.354000000000013 398.20850000000002 73.395500000000013 60.291500000000006
decision_type=2 2 2 2 2 2
left_child=1 -1 3 4 5 -3
right_child=-2 2 -4 -5 -6 -7
leaf_value=-0.33310524275979753 0.2557234621258419 0.22093796365675797 0.3702005566400341 -0.29609317941279872 0.21597656593584397 -0.24221188462047452
leaf_weight=91 87 54 56 101 76 97
leaf_count=91 87 54 56 101 76 97
internal_value=-0.0220429 -0.0729188 -0.0112587 -0.0763876 0.0213685 -0.0765814
internal_weight=562 475 384 328 227 151
internal_count=562 475 384 328 227 151
is_linear=0
shrinkage=0.0633286


Tree=52
num_leaves=8
num_cat=0
split_feature=4 16 20 10 7 10 8
split_gain=3954.11 3418.89 1834.05 3472.4 1699.38 1214.83 907.804
threshold=27.433000000000003 18.544208210015352 1.0000000180025095e-35 9.5000000000000018 30.773000000000003 4.5000000000000009 77.687500000000014
decision_type=2 2 2 2 2 2 2
left_child=1 2 3 4 5 -1 -7
right_child=-2 -3 -4 -5 -6 6 -8
leaf_value=0.031107111519773051 0.46713935900721926 0.41353975344101918 -0.37660363691832638 0.34025597574104766 0.19868997111856243 -0.45829582384320472 -0.15349672272608306
leaf_weight=66 85 69 65 86 54 72 86
leaf_count=66 85 69 65 86 54 72 86
internal_value=0.0679398 -0.000198148 -0.0667449 -0.0114114 -0.120202 -0.197079 -0.292396
internal_weight=583 498 429 364 278 224 158
internal_count=583 498 429 364 278 224 158
is_linear=0
shrinkage=0.0633286


Tree=53
num_leaves=8
num_cat=0
split_feature=8 13 16 4 10 19 14
split_gain=2425.3 2678.7 2373.49 2719.61 1558.26 1649.98 950.617
threshold=81.604000000000013 144.70850000000004 19.682335392182917 17.979000000000003 9.5000000000000018 1.0000000180025095e-35 68.250000000000014
decision_type=2 2 2 2 2 2 2
left_child=1 2 3 4 5 6 -1
right_child=-2 -3 -4 -5 -6 -7 -8
leaf_value=-0.043448993640574085 0.34283408553516198 -0.50583105112456817 0.33293280656092805 -0.41913755418444681 0.25216161038380408 0.13174388654760882 -0.37470938695252193
leaf_weight=64 57 56 59 83 70 84 76
leaf_count=64 57 56 59 83 70 84 76
internal_value=-0.048218 -0.0935239 -0.0405651 -0.0990184 -0.00864251 -0.0901452 -0.223279
internal_weight=549 492 436 377 294 224 140
internal_count=549 492 436 377 294 224 140
is_linear=0
shrinkage=0.0633286


Tree=54
num_leaves=7
num_cat=0
split_feature=5 1 10 7 2 15
split_gain=4129.09 3351.08 2117.44 1867.37 809.075 584.676
threshold=818.08300000000008 37.152000000000008 9.5000000000000018 30.552000000000003 47.835500000000003 73.798666666666676
decision_type=2 2 2 2 2 2
left_child=1 2 3 4 -1 -6
right_child=-2 -3 -4 -5 5 -7
leaf_value=-0.055986199674523902 -0.44204086427637718 0.40346674881303562 0.2207880284685334 0.20563851277093989 -0.15673452392270715 -0.4096167040521454
leaf_weight=92 87 81 92 55 67 81
leaf_count=92 87 81 92 55 67 81
internal_value=-0.0414151 0.0330617 -0.0444666 -0.127191 -0.203465 -0.29514
internal_weight=555 468 387 295 240 148
internal_count=555 468 387 295 240 148
is_linear=0
shrinkage=0.0633286


Tree=55
num_leaves=8
num_cat=0
split_feature=5 8 16 13 14 17 8
split_gain=2057.7 6008.54 3395.38 4515.96 3268.28 677.251 1298.21
threshold=291.9165000000001 78.187500000000014 10.45559110674626 113.62500000000001 89.041500000000013 -1.291499999999999 76.958500000000015
decision_type=2 2 2 2 2 2 2
left_child=5 2 4 -4 -2 -1 -7
right_child=1 -3 3 -5 -6 6 -8
leaf_value=-0.2489313999497928 -0.11463807901721566 0.7262276438820644 0.15037820186325165 -0.62362156674371039 0.51889683761947136 0.16262680138117294 -0.25605871205401631
leaf_weight=100 62 55 59 62 69 66 54
leaf_count=100 62 55 59 62 69 66 54
internal_value=0.0206076 0.126539 -0.0043493 -0.24622 0.219059 -0.127215 -0.0257827
internal_weight=527 307 252 121 131 220 120
internal_count=527 307 252 121 131 220 120
is_linear=0
shrinkage=0.0633286


Tree=56
num_leaves=8
num_cat=0
split_feature=16 4 10 15 0 8 16
split_gain=3698.53 5695.88 2141.69 2522.62 1754.76 575.741 1001.29
threshold=23.147164527735924 27.433000000000003 8.5000000000000018 76.812500000000014 88.521000000000015 79.021000000000015 4.8059662688569249
decision_type=2 2 2 2 2 2 2
left_child=1 2 4 -4 5 6 -1
right_child=-2 -3 3 -5 -6 -7 -8
leaf_value=0.21265329600146274 -0.49273449020978022 0.60698014867191652 0.50864915620659645 -0.026262786183401249 -0.41476811134564573 -0.19107936646638438 -0.12349041750410886
leaf_weight=66 54 66 55 99 66 69 77
leaf_count=66 54 66 55 99 66 69 77
internal_value=0.00506529 0.0590452 -0.0246693 0.164781 -0.129617 -0.0408407 0.0316536
internal_weight=552 498 432 154 278 212 143
internal_count=552 498 432 154 278 212 143
is_linear=0
shrinkage=0.0633286


Tree=57
num_leaves=9
num_cat=0
split_feature=14 8 0 6 4 1 7 2
split_gain=2307.23 2491.75 3133 2568.65 1631.42 910.513 750.84 726.196
threshold=151.10450000000003 49.041500000000006 115.20850000000002 87.437500000000014 9.4605000000000015 24.235500000000005 29.260500000000004 56.258500000000005
decision_type=2 2 2 2 2 2 2 2
left_child=1 -1 3 4 6 -6 7 -3
right_child=-2 2 -4 -5 5 -7 -8 -9
leaf_value=0.28429529361215589 0.38107737704689609 -0.27293443968048964 -0.55321345673125544 0.35837253884453724 -0.12646846809141488 -0.49422845185690684 0.13774000040443465 0.033533532859587323
leaf_weight=77 56 57 55 55 54 54 85 68
leaf_count=77 56 57 55 55 54 54 85 68
internal_value=-0.00458532 -0.0473531 -0.10702 -0.0412248 -0.110339 -0.310354 -0.00747267 -0.106218
internal_weight=561 505 428 373 318 108 210 125
internal_count=561 505 428 373 318 108 210 125
is_linear=0
shrinkage=0.0633286


Tree=58
num_leaves=8
num_cat=0
split_feature=17 6 4 5 16 1 16
split_gain=2383.41 4746.95 3313.01 4212.17 1973.73 1757.82 1578.2
threshold=-2.3539999999999988 96.354000000000013 20.539500000000004 390.4790000000001 3.6643425163895227 35.998000000000012 7.4729166440462977
decision_type=2 2 2 2 2 2 2
left_child=2 4 3 -1 -2 6 -6
right_child=1 -3 -4 -5 5 -7 -8
leaf_value=-0.21355066625334071 0.24902947798456943 0.60043071660554093 -0.53469525021624364 0.47814053377598664 -0.2000965638787793 -0.40127148737473489 0.25733571866640631
leaf_weight=102 99 72 58 54 60 55 61
leaf_count=102 99 72 58 54 60 55 61
internal_value=0.0401643 0.142673 -0.126052 0.0258838 0.0228198 -0.104424 0.0305102
internal_weight=561 347 214 156 275 176 121
internal_count=561 347 214 156 275 176 121
is_linear=0
shrinkage=0.0633286


Tree=59
num_leaves=8
num_cat=0
split_feature=24 2 2 25 16 7 4
split_gain=2086.97 2117.12 3027.69 1572.37 1564.93 2266.34 2602.13
threshold=1.0000000180025095e-35 47.716500000000003 39.996000000000002 1.0000000180025095e-35 15.348607671550443 26.579000000000004 6.6710000000000012
decision_type=2 2 2 2 2 2 2
left_child=1 2 -1 4 5 -3 -7
right_child=-2 3 -4 -5 -6 6 -8
leaf_value=-0.15965476066059076 0.27231699656866371 0.17041281563527766 0.46619346977352694 0.14479067439583532 -0.46708624998258164 -0.045110227913976911 -0.60219916322461609
leaf_weight=62 84 69 62 59 73 82 57
leaf_count=62 84 69 62 59 73 82 57
internal_value=-0.0181403 -0.070724 0.153272 -0.152417 -0.214821 -0.126282 -0.273562
internal_weight=548 464 124 340 281 208 139
internal_count=548 464 124 340 281 208 139
is_linear=0
shrinkage=0.0633286


Tree=60
num_leaves=9
num_cat=0
split_feature=7 4 0 4 16 8 17 6
split_gain=3551.21 4300.86 3739.5 3005.36 1353.98 1363.36 734.696 315.828
threshold=22.741500000000006 22.698000000000004 122.95850000000002 15.017000000000001 9.2359803315085234 76.646000000000015 -0.22950000000000151 51.562500000000007
decision_type=2 2 2 2 2 2 2 2
left_child=1 -1 3 4 5 6 -2 -7
right_child=2 -3 -4 -5 -6 7 -8 -9
leaf_value=-0.030109936493946315 0.30299991596772907 0.74891877987539468 -0.54078346351938411 0.32978152519706677 -0.30651604517230985 -0.26481543013713721 -0.0027830989728980546 -0.053706238749493117
leaf_weight=60 58 54 56 92 80 60 69 54
leaf_count=60 58 54 56 92 80 60 69 54
internal_value=0.0218919 0.33891 -0.0551669 0.0106816 -0.0807752 -0.00583869 0.136868 -0.164819
internal_weight=583 114 469 413 321 241 127 114
internal_count=583 114 469 413 321 241 127 114
is_linear=0
shrinkage=0.0633286


Tree=61
num_leaves=8
num_cat=0
split_feature=0 16 7 6 0 15 4
split_gain=4573.63 5346.95 1696.66 1410.96 677.784 1522.74 782.709
threshold=142.31250000000003 17.193881728987936 30.685500000000001 92.458500000000015 75.583500000000015 83.395833333333343 6.152000000000001
decision_type=2 2 2 2 2 2 2
left_child=1 2 3 4 6 -6 -1
right_child=-2 -3 -4 -5 5 -7 -8
leaf_value=-0.18334270933545785 -0.52106241818507504 0.50342321622863995 0.28561308266883761 0.2117730357054963 -0.49903425949832492 -0.068326282084321871 0.0902146247727552
leaf_weight=87 60 91 58 55 55 82 81
leaf_count=87 60 91 58 55 55 82 81
internal_value=0.00187597 0.0635207 -0.0322494 -0.0834618 -0.136702 -0.241243 -0.0514495
internal_weight=569 509 418 360 305 137 168
internal_count=569 509 418 360 305 137 168
is_linear=0
shrinkage=0.0633286


Tree=62
num_leaves=9
num_cat=0
split_feature=17 17 6 8 8 20 5 7
split_gain=3760.73 2632.27 1630.27 2628.01 2244.48 1929.95 1185.53 575.243
threshold=-19.270999999999997 -10.103999999999997 66.146000000000015 75.104000000000013 68.729000000000013 1.0000000180025095e-35 240.58350000000004 29.214500000000005
decision_type=2 2 2 2 2 2 2 2
left_child=-1 -2 6 4 5 -4 7 -3
right_child=1 2 3 -5 -6 -7 -8 -9
leaf_value=0.4963881157547399 -0.43951952952449297 -0.1406503390559192 0.33849309096054814 0.45684204908848136 -0.35298081331824566 -0.11646528222786451 -0.37764964091860831 0.12894529384973574
leaf_weight=58 59 77 79 66 54 71 56 54
leaf_count=58 59 77 79 66 54 71 56 54
internal_value=0.0129023 -0.0414446 0.00994963 0.109492 -0.00288866 0.123147 -0.133775 -0.0295191
internal_weight=574 516 457 270 204 150 187 131
internal_count=574 516 457 270 204 150 187 131
is_linear=0
shrinkage=0.0633286


Tree=63
num_leaves=8
num_cat=0
split_feature=8 21 10 24 6 6 5
split_gain=2329.78 2003.94 2775.52 1172.19 2290.98 1916.71 307.969
threshold=81.729000000000013 1.0000000180025095e-35 10.500000000000002 1.0000000180025095e-35 84.771000000000015 66.604000000000013 186.31250000000003
decision_type=2 2 2 2 2 2 2
left_child=1 2 3 4 5 6 -1
right_child=-2 -3 -4 -5 -6 -7 -8
leaf_value=-0.081727508624384868 0.37049015344672048 -0.37701027689500399 0.30740757480656761 0.16854564096465641 -0.42975671650562758 0.22186177932766285 -0.28646495135498867
leaf_weight=57 56 69 88 57 81 75 61
leaf_count=57 56 69 88 57 81 75 61
internal_value=-0.0163804 -0.0607767 -0.00869856 -0.0927401 -0.147096 -0.0284633 -0.187569
internal_weight=544 488 419 331 274 193 118
internal_count=544 488 419 331 274 193 118
is_linear=0
shrinkage=0.0633286


Tree=64
num_leaves=7
num_cat=0
split_feature=0 1 5 14 17 16
split_gain=2257.01 4214.7 3278.68 1285.14 1172.65 788.319
threshold=144.70850000000004 35.998000000000012 510.83300000000008 62.375000000000007 -0.33350000000000074 8.302743628291033
decision_type=2 2 2 2 2 2
left_child=1 2 3 -1 5 -5
right_child=-2 -3 -4 4 -6 -7
leaf_value=-0.22655003815164221 -0.39215398822075065 0.39362314780703678 -0.49348080349782975 0.3070529348154965 -0.090704127217290459 0.00074904370633057001
leaf_weight=77 64 92 65 87 105 55
leaf_count=77 64 92 65 87 105 55
internal_value=-0.0388535 0.0081567 -0.0830091 -0.000658951 0.0697617 0.188416
internal_weight=545 481 389 324 247 142
internal_count=545 481 389 324 247 142
is_linear=0
shrinkage=0.0633286


Tree=65
num_leaves=8
num_cat=0
split_feature=1 3 4 4 0 10 2
split_gain=3570.26 2656.42 1915.05 1477.86 625.171 476.781 823.269
threshold=54.839500000000008 33.173000000000009 16.779500000000002 12.458500000000003 61.104000000000006 6.5000000000000009 60.19400000000001
decision_type=2 2 2 2 2 2 2
left_child=1 2 3 4 -1 -6 -7
right_child=-2 -3 -4 -5 5 6 -8
leaf_value=0.12809964314261288 0.41446235905970258 -0.46662324706791664 0.22088661931178782 -0.41298378998781948 -0.22090108265387395 -0.20592903759071435 0.10523058163530626
leaf_weight=61 61 68 89 54 83 60 79
leaf_count=61 61 68 89 54 83 60 79
internal_value=-0.0426205 -0.0990633 -0.0403899 -0.109393 -0.0514612 -0.100801 -0.0290839
internal_weight=555 494 426 337 283 222 139
internal_count=555 494 426 337 283 222 139
is_linear=0
shrinkage=0.0633286


Tree=66
num_leaves=8
num_cat=0
split_feature=4 16 4 7 15 7 8
split_gain=2624.37 3635.56 3944.99 1376.94 1201.99 2159.24 1507.3
threshold=32.481500000000004 18.998210445315536 17.014500000000002 30.685500000000001 63.500166666666679 28.640000000000004 71.771000000000015
decision_type=2 2 2 2 2 2 2
left_child=1 2 3 4 -1 6 -6
right_child=-2 -3 -4 -5 5 -7 -8
leaf_value=0.14787821571104898 0.37602183501860287 0.41065025965597979 -0.4683675131356963 0.28689490986317623 0.23572163651031297 -0.4845303694790592 -0.20649023641451103
leaf_weight=75 68 61 96 54 56 55 69
leaf_count=75 68 61 96 54 56 55 69
internal_value=0.00850753 -0.0451225 -0.113771 -0.00360332 -0.0651223 -0.153873 -0.00837875
internal_weight=534 466 405 309 255 180 125
internal_count=534 466 405 309 255 180 125
is_linear=0
shrinkage=0.0633286


Tree=67
num_leaves=7
num_cat=0
split_feature=8 8 14 6 7 1
split_gain=2665.78 2702.81 2377.03 2517.85 983.38 946.863
threshold=81.729000000000013 42.750000000000007 66.646000000000015 100.10400000000001 23.275000000000002 24.196000000000005
decision_type=2 2 2 2 2 2
left_child=1 -1 -3 4 -4 -6
right_child=-2 2 3 -5 5 -7
leaf_value=0.3315538164458296 0.40574228160773179 0.14322475681362665 0.10357404010262626 -0.57379731873926543 -0.043847444066423019 -0.31631543038285276
leaf_weight=61 54 105 61 60 98 107
leaf_count=61 54 105 61 60 98 107
internal_value=-0.0166283 -0.0629874 -0.118829 -0.203233 -0.119643 -0.186064
internal_weight=546 492 431 326 266 205
internal_count=546 492 431 326 266 205
is_linear=0
shrinkage=0.0633286


Tree=68
num_leaves=9
num_cat=0
split_feature=17 1 2 21 7 2 1 0
split_gain=2586.26 4576.25 2579.68 1257.16 807.645 1270.33 1247.18 619.894
threshold=14.8955 32.769000000000013 75.931500000000014 1.0000000180025095e-35 26.077000000000002 70.552500000000023 21.360500000000005 62.896000000000008
decision_type=2 2 2 2 2 2 2 2
left_child=1 3 -3 4 -1 6 7 -6
right_child=-2 2 -4 -5 5 -7 -8 -9
leaf_value=0.23348418103983395 -0.31271867631991285 0.70221821387422567 0.14843341742744828 -0.31297671473400196 -0.12601471155201605 0.23843222521819757 -0.36678079982236161 0.15185078434414592
leaf_weight=57 74 62 74 54 74 54 54 57
leaf_count=57 74 62 74 54 74 54 54 57
internal_value=0.0360508 0.0891567 0.4009 -0.0319796 0.0192851 -0.0318015 -0.110682 -0.00511096
internal_weight=560 486 136 350 296 239 185 131
internal_count=560 486 136 350 296 239 185 131
is_linear=0
shrinkage=0.0633286


Tree=69
num_leaves=9
num_cat=0
split_feature=0 3 14 1 3 6 8 6
split_gain=2441.99 3225.82 1205.92 1304.78 1815.49 1205.82 485.369 812.89
threshold=144.70850000000004 30.635000000000002 106.29150000000001 23.933500000000006 15.983000000000002 75.583500000000015 75.666500000000013 50.625000000000007
decision_type=2 2 2 2 2 2 2 2
left_child=1 2 3 5 -5 6 -1 -8
right_child=-2 -3 -4 4 -6 -7 7 -9
leaf_value=-0.2535414462728432 -0.39956740508606409 0.39818685099902063 0.21768846449393553 -0.0017633019533458783 -0.49789445903517143 0.23381383710915793 -0.19474887042080324 0.1527285672395565
leaf_weight=54 64 75 56 55 64 60 54 54
leaf_count=54 64 75 56 55 64 60 54 54
internal_value=-0.0324852 0.0172901 -0.0546693 -0.0993977 -0.268594 -0.00870092 -0.0985229 -0.0210105
internal_weight=536 472 397 341 119 222 162 108
internal_count=536 472 397 341 119 222 162 108
is_linear=0
shrinkage=0.0633286


Tree=70
num_leaves=7
num_cat=0
split_feature=1 18 4 20 7 7
split_gain=3780.26 3127.46 1841.22 1344.67 2355.35 1262.92
threshold=57.681000000000004 1.0000000180025095e-35 23.150500000000005 1.0000000180025095e-35 27.637500000000003 29.504000000000001
decision_type=2 2 2 2 2 2
left_child=1 2 3 4 -1 -6
right_child=-2 -3 -4 -5 5 -7
leaf_value=0.46467474733312991 0.56453525305729346 -0.28687921702295177 0.407338863362885 -0.19471951547337107 -0.14838820520649465 0.17708364712610167
leaf_weight=58 57 105 66 75 102 90
leaf_count=58 57 105 66 75 102 90
internal_value=0.0761146 0.0199837 0.10239 0.0404603 0.111015 0.00417697
internal_weight=553 496 391 325 250 192
internal_count=553 496 391 325 250 192
is_linear=0
shrinkage=0.0633286


Tree=71
num_leaves=8
num_cat=0
split_feature=0 4 8 8 8 17 7
split_gain=2440.37 4301.79 6654.75 968.539 1549.68 1083.65 917.117
threshold=144.70850000000004 15.017000000000001 71.271000000000015 78.646000000000015 75.937500000000014 -5.1664999999999983 28.748000000000001
decision_type=2 2 2 2 2 2 2
left_child=1 3 -3 4 5 -1 -7
right_child=-2 2 -4 -5 -6 6 -8
leaf_value=-0.33353447260781011 -0.36429518878501532 0.0034879744244340305 0.81650238436389699 -0.25111690929842073 0.27247138345554595 0.18347528928339327 -0.15393095362327111
leaf_weight=55 61 104 66 89 60 60 70
leaf_count=55 61 104 66 89 60 60 70
internal_value=0.0140142 0.0598029 0.319134 -0.0721933 -0.00719514 -0.0978996 0.00179541
internal_weight=565 504 170 334 245 185 130
internal_count=565 504 170 334 245 185 130
is_linear=0
shrinkage=0.0633286


Tree=72
num_leaves=7
num_cat=0
split_feature=5 14 18 5 2 5
split_gain=2019.99 2564.85 1415.75 1856.86 951.302 1231.86
threshold=818.08300000000008 127.14600000000002 1.0000000180025095e-35 496.70850000000002 48.156000000000006 201.87500000000003
decision_type=2 2 2 2 2 2
left_child=1 2 3 4 -1 -6
right_child=-2 -3 -4 -5 5 -7
leaf_value=0.10751593106923973 -0.36909184127947542 0.39534742476337792 -0.26808098865679048 0.26680024629208782 -0.036816945435700812 -0.40675815412597832
leaf_weight=66 75 54 106 78 93 59
leaf_count=66 75 54 106 78 93 59
internal_value=-0.0645319 -0.0144384 -0.0694859 0.00163389 -0.0932436 -0.180416
internal_weight=531 456 402 296 218 152
internal_count=531 456 402 296 218 152
is_linear=0
shrinkage=0.0633286


Tree=73
num_leaves=9
num_cat=0
split_feature=8 14 5 1 5 13 13 7
split_gain=2101.94 1994.88 2159.27 2087.29 1880.09 1445.35 1368.72 1116.17
threshold=82.104000000000013 67.812500000000014 218.62500000000003 50.394000000000005 510.83300000000008 98.687500000000014 73.791500000000013 28.591500000000003
decision_type=2 2 2 2 2 2 2 2
left_child=1 2 -1 4 6 -6 -3 -8
right_child=-2 3 -4 -5 5 -7 7 -9
leaf_value=-0.072035970955494494 0.37646602996052486 -0.28277987103340796 0.49428949988230342 0.24682503516657187 -0.14573401048794671 -0.57676840281853203 0.24424753721176945 -0.11489207537248611
leaf_weight=54 57 64 54 60 65 60 72 67
leaf_count=54 57 64 54 60 65 60 72 67
internal_value=0.0122629 -0.0295924 0.21113 -0.0965984 -0.159421 -0.352636 -0.0404437 0.0711379
internal_weight=553 496 108 388 328 125 203 139
internal_count=553 496 108 388 328 125 203 139
is_linear=0
shrinkage=0.0633286


Tree=74
num_leaves=7
num_cat=0
split_feature=0 16 16 6 6 14
split_gain=1971.86 2311.23 1475.84 1926.85 1563.51 1204.91
threshold=144.70850000000004 17.394088469155708 3.9953897894960826 64.229000000000013 60.229000000000006 79.187500000000014
decision_type=2 2 2 2 2 2
left_child=1 2 3 -1 -4 -6
right_child=-2 -3 4 -5 5 -7
leaf_value=-0.09451572287907728 -0.38035884452528523 0.29416188267135202 0.13163611202585518 0.34666915238331286 -0.44496776854779013 -0.11768388802353712
leaf_weight=102 63 86 54 65 78 107
leaf_count=102 63 86 54 65 78 107
internal_value=-0.0467811 -0.0040656 -0.067238 0.0772049 -0.168167 -0.255677
internal_weight=555 492 406 167 239 185
internal_count=555 492 406 167 239 185
is_linear=0
shrinkage=0.0633286


Tree=75
num_leaves=8
num_cat=0
split_feature=14 3 2 6 13 4 13
split_gain=3038.99 2120.82 1335.02 1351.65 1032.01 856.251 839.899
threshold=120.10400000000001 23.325000000000003 59.997500000000009 81.104000000000013 90.458500000000015 5.9730000000000008 63.021000000000008
decision_type=2 2 2 2 2 2 2
left_child=1 2 3 6 -3 -4 -1
right_child=-2 4 5 -5 -6 -7 -8
leaf_value=-0.19853412494871894 -0.35915818585889819 0.05706951637295523 -0.037000084630502035 -0.41996452445636728 0.42789627706943661 0.27714661045255556 0.13608365893277152
leaf_weight=65 93 54 81 56 68 61 56
leaf_count=65 93 54 81 56 68 61 56
internal_value=-0.0301803 0.0391972 -0.046688 -0.162727 0.263763 0.0979521 -0.04367
internal_weight=534 441 319 177 122 142 121
internal_count=534 441 319 177 122 142 121
is_linear=0
shrinkage=0.0633286


Tree=76
num_leaves=9
num_cat=0
split_feature=14 14 5 7 10 5 2 4
split_gain=2210.25 3315.25 1805.44 1629.44 1733.49 663.884 939.421 795.507
threshold=142.31250000000003 117.72900000000001 723.14550000000008 25.010500000000004 9.5000000000000018 206.81250000000003 45.758500000000005 4.527000000000001
decision_type=2 2 2 2 2 2 2 2
left_child=1 2 3 -1 5 7 -7 -5
right_child=-2 -3 -4 4 -6 6 -8 -9
leaf_value=-0.31863405395061195 0.37214543484568163 -0.47638705541139748 0.38812818287756801 -0.074240215220643932 0.32296659027423918 0.074388971002927046 -0.25948037968505139 0.26214144625012531
leaf_weight=56 68 55 54 59 73 58 81 54
leaf_count=56 68 55 54 59 73 58 81 54
internal_value=0.0338157 -0.0131374 0.0454362 -0.00313599 0.0512283 -0.0274914 -0.120169 0.0865102
internal_weight=558 490 435 381 325 252 139 113
internal_count=558 490 435 381 325 252 139 113
is_linear=0
shrinkage=0.0633286


Tree=77
num_leaves=8
num_cat=0
split_feature=4 8 7 8 16 8 13
split_gain=2667.29 2358.83 1724 1176.87 1699.36 874.565 19.6101
threshold=27.433000000000003 55.625000000000007 25.700000000000003 79.729000000000013 2.5699734733540329 71.646000000000015 74.312500000000014
decision_type=2 2 2 2 2 2 2
left_child=1 -1 -3 4 -4 -6 -7
right_child=-2 2 3 -5 5 6 -8
leaf_value=-0.33415624122064108 0.36357197038123179 0.35635723449633427 0.35909275812963687 -0.21061388285144389 -0.20501495095719774 0.054723486531861425 0.10845164343296344
leaf_weight=74 94 64 60 82 70 54 55
leaf_count=74 94 64 60 82 70 54 55
internal_value=0.0562387 -0.0067023 0.0562382 -0.00360032 0.0674264 -0.0303417 0.0818354
internal_weight=553 459 385 321 239 179 109
internal_count=553 459 385 321 239 179 109
is_linear=0
shrinkage=0.0633286


Tree=78
num_leaves=9
num_cat=0
split_feature=8 7 13 4 4 2 15 3
split_gain=4113.29 3310.08 4657.01 1783.15 1375.83 1413.1 1158.67 868.75
threshold=39.479000000000006 21.423000000000005 124.06250000000001 18.529000000000003 8.7045000000000012 77.075000000000017 77.409833333333339 10.069000000000001
decision_type=2 2 2 2 2 2 2 2
left_child=-1 -2 3 4 5 7 -6 -3
right_child=1 2 -4 -5 6 -7 -8 -9
leaf_value=0.59046408929216121 0.47349087719265853 -0.1659953105921862 -0.5567743547992885 0.33957211871385634 0.018886542215974658 0.33137358671615247 -0.37802726823570054 0.13894652541601624
leaf_weight=54 55 85 62 64 54 60 65 67
leaf_count=54 55 85 62 64 54 60 65 67
internal_value=0.0647904 0.00934629 -0.0465153 0.0335783 -0.0255883 0.0711447 -0.197918 -0.0315801
internal_weight=566 512 457 395 331 212 119 152
internal_count=566 512 457 395 331 212 119 152
is_linear=0
shrinkage=0.0633286


Tree=79
num_leaves=8
num_cat=0
split_feature=21 15 16 4 15 14 4
split_gain=1591.53 1529.34 1405.96 1778.25 1137.23 1281.9 537.419
threshold=1.0000000180025095e-35 129.84033333333338 4.7370669535456864 5.9730000000000008 101.46516666666668 74.312500000000014 10.798000000000002
decision_type=2 2 2 2 2 2 2
left_child=1 2 3 -1 5 -4 -7
right_child=-2 -3 4 -5 -6 6 -8
leaf_value=-0.056344361628923582 -0.20796851793474186 0.34424055415510701 -0.20323557156827413 0.36754820957044987 -0.28965148119039574 0.00063035975339800245 0.27155161605977202
leaf_weight=71 89 76 66 90 64 55 63
leaf_count=71 89 76 66 90 64 55 63
internal_value=0.0381943 0.083367 0.0348904 0.180616 -0.0597142 0.0202661 0.145277
internal_weight=574 485 409 161 248 184 118
internal_count=574 485 409 161 248 184 118
is_linear=0
shrinkage=0.0633286


Tree=80
num_leaves=8
num_cat=0
split_feature=8 13 8 8 0 14 1
split_gain=2764.7 2305.48 2291.54 1627.89 3020.83 573.399 937.859
threshold=82.104000000000013 139.64550000000003 49.041500000000006 67.083500000000015 86.396000000000015 78.500000000000014 17.981000000000005
decision_type=2 2 2 2 2 2 2
left_child=1 2 -1 -4 5 6 -5
right_child=-2 -3 3 4 -6 -7 -8
leaf_value=0.36106685374799879 0.45618801997179692 -0.35140719274401272 -0.29611929211131205 -0.1800556034397208 0.43401991233139969 -0.2189229269202391 0.13139384426624637
leaf_weight=77 58 67 69 66 63 66 94
leaf_count=77 58 67 69 66 63 66 94
internal_value=0.0422264 -0.00560336 0.0476597 -0.0197507 0.046235 -0.061867 0.00292034
internal_weight=560 502 435 358 289 226 160
internal_count=560 502 435 358 289 226 160
is_linear=0
shrinkage=0.0633286


Tree=81
num_leaves=9
num_cat=0
split_feature=3 5 2 14 15 8 7 4
split_gain=2342.59 3054.81 3692.03 3788.29 1422.19 824.001 1596.26 350.975
threshold=17.810500000000005 510.83300000000008 86.050000000000026 94.021000000000015 89.444500000000005 79.937500000000014 28.022500000000004 5.4210000000000003
decision_type=2 2 2 2 2 2 2 2
left_child=4 -2 3 -3 5 6 -1 -8
right_child=1 2 -4 -5 -6 -7 7 -9
leaf_value=0.29039112155001423 0.51970807970652011 0.21493969411411604 0.42253498684244323 -0.46953870084354943 -0.39221265392289251 -0.22766280440465664 -0.21208915018153845 0.010282444471690933
leaf_weight=64 70 59 65 72 54 64 59 55
leaf_count=64 70 59 65 72 54 64 59 55
internal_value=0.0242111 0.160601 0.0323453 -0.161264 -0.0983561 -0.0327823 0.0372888 -0.104806
internal_weight=562 266 196 131 296 242 178 114
internal_count=562 266 196 131 296 242 178 114
is_linear=0
shrinkage=0.0633286


Tree=82
num_leaves=7
num_cat=0
split_feature=0 0 10 8 13 3
split_gain=3122.64 3967.11 3865.75 1712.13 1531.3 878.203
threshold=121.08300000000001 77.812500000000014 8.5000000000000018 56.896000000000008 84.250000000000014 11.448000000000002
decision_type=2 2 2 2 2 2
left_child=1 2 5 -3 -5 -1
right_child=-2 3 -4 4 -6 -7
leaf_value=0.070767854026945451 0.36263375688855959 -0.52005975518029823 0.49655037986044848 -0.35448154858480585 0.081416320540394466 -0.24060155432987876
leaf_weight=107 104 60 83 58 73 55
leaf_count=107 104 60 83 58 73 55
internal_value=0.0508264 -0.0235509 0.145115 -0.239901 -0.111579 -0.0349456
internal_weight=540 436 245 191 131 162
internal_count=540 436 245 191 131 162
is_linear=0
shrinkage=0.0633286


Tree=83
num_leaves=8
num_cat=0
split_feature=7 10 0 4 4 2 15
split_gain=3279.74 4915.15 3230.95 3050.2 1304.06 1295.33 1186.32
threshold=26.802000000000003 11.500000000000002 118.72950000000002 6.6710000000000012 16.779500000000002 76.279000000000011 85.132000000000019
decision_type=2 2 2 2 2 2 2
left_child=1 2 4 5 -1 -2 -5
right_child=3 -3 -4 6 -6 -7 -8
leaf_value=-0.075914280403851966 -0.077848698185316895 -0.36173497767445989 0.67212827400941066 -0.20662188400776341 0.3476878868716346 0.30985243575397498 -0.56797829933935462
leaf_weight=62 96 54 68 101 55 54 57
leaf_count=62 96 54 68 101 55 54 57
internal_value=-0.00621161 0.169824 0.324984 -0.142811 0.123217 0.0617259 -0.33699
internal_weight=547 239 185 308 117 150 158
internal_count=547 239 185 308 117 150 158
is_linear=0
shrinkage=0.0633286


Tree=84
num_leaves=7
num_cat=0
split_feature=17 17 2 4 5 3
split_gain=1698.48 2446.25 2079.9 1916.25 2941.26 530.835
threshold=-16.541499999999996 -5.2704999999999975 101.85250000000001 17.673000000000005 354.52050000000008 9.6000000000000014
decision_type=2 2 2 2 2 2
left_child=-1 -2 3 4 5 -3
right_child=1 2 -4 -5 -6 -7
leaf_value=0.33627468106118075 -0.30550339489145728 -0.16250553035941623 0.38524079663548488 -0.24853432703139194 0.48252513360277238 0.060837200032577254
leaf_weight=58 100 82 61 100 56 89
leaf_count=58 100 82 61 100 56 89
internal_value=0.0122918 -0.0262155 0.045767 -0.0175617 0.0841895 -0.0462634
internal_weight=546 488 388 327 227 171
internal_count=546 488 388 327 227 171
is_linear=0
shrinkage=0.0633286


Tree=85
num_leaves=7
num_cat=0
split_feature=1 3 2 14 4 19
split_gain=2139.57 4645.45 2973.62 1546.92 2569.49 390.293
threshold=25.458500000000004 12.858500000000001 60.19400000000001 131.72900000000001 17.014500000000002 1.0000000180025095e-35
decision_type=2 2 2 2 2 2
left_child=1 5 -2 4 -4 -1
right_child=2 -3 3 -5 -6 -7
leaf_value=-0.17166481478857248 -0.4582102793209491 0.4690213311454548 -0.13302729285894291 -0.25564696893297328 0.44539104486393244 0.022496061745537373
leaf_weight=100 86 91 70 67 55 71
leaf_count=100 86 91 70 67 55 71
internal_value=-0.0263671 0.103481 -0.148742 -0.010123 0.12148 -0.091049
internal_weight=540 262 278 192 125 171
internal_count=540 262 278 192 125 171
is_linear=0
shrinkage=0.0633286


Tree=86
num_leaves=8
num_cat=0
split_feature=6 2 16 16 13 2 15
split_gain=4023.88 2852.62 2672.86 1212.51 1325.18 1636.23 625.508
threshold=94.833500000000015 67.052500000000009 17.193881728987936 10.219686897354702 73.395500000000013 70.920500000000018 63.500166666666679
decision_type=2 2 2 2 2 2 2
left_child=2 -2 3 4 6 -6 -1
right_child=1 -3 -4 -5 5 -7 -8
leaf_value=0.077404488959266035 0.014112522782735074 -0.61006551799509789 0.47286854049275018 -0.23107654417345366 0.049400444405333477 0.49373029787807898 -0.17895587278351871
leaf_weight=80 55 63 65 59 84 55 73
leaf_count=80 55 63 65 59 84 55 73
internal_value=0.00726317 -0.319139 0.0998496 0.0307698 0.0836783 0.225219 -0.0449119
internal_weight=534 118 416 351 292 139 153
internal_count=534 118 416 351 292 139 153
is_linear=0
shrinkage=0.0633286


Tree=87
num_leaves=7
num_cat=0
split_feature=8 6 6 14 4 2
split_gain=1361.24 2077.08 2202.29 971.939 1313.23 1010.44
threshold=82.104000000000013 96.229000000000013 80.854000000000013 77.979000000000013 6.152000000000001 60.19400000000001
decision_type=2 2 2 2 2 2
left_child=1 2 3 4 -1 -5
right_child=-2 -3 -4 5 -6 -7
leaf_value=-0.085452098845436933 0.28751300613781888 0.20957576693642391 -0.41615978909785417 -0.34062708798176755 0.258180116937757 -0.0043084631414477366
leaf_weight=106 55 103 76 67 77 77
leaf_count=106 55 103 76 67 77 77
internal_value=-0.0116945 -0.044218 -0.109084 -0.0377128 0.0591375 -0.160792
internal_weight=561 506 403 327 183 144
internal_count=561 506 403 327 183 144
is_linear=0
shrinkage=0.0633286


Tree=88
num_leaves=8
num_cat=0
split_feature=14 4 3 13 3 6 5
split_gain=3342.42 2596.96 1698.22 2015.55 963.262 529.476 613.197
threshold=124.60400000000001 22.698000000000004 21.704500000000003 74.104000000000013 14.673000000000002 68.854000000000013 179.58300000000003
decision_type=2 2 2 2 2 2 2
left_child=1 2 3 5 -5 6 -1
right_child=-2 -3 -4 4 -6 -7 -8
leaf_value=-0.0078732458633628821 -0.3933878977930621 0.38834733127266957 -0.29252932561142025 0.050069777484757209 0.42331849718996434 0.065990902761328157 -0.27498300964316591
leaf_weight=60 96 65 86 54 57 58 81
leaf_count=60 96 65 86 54 57 58 81
internal_value=-0.0534395 0.0173537 -0.0435433 0.0255317 0.241742 -0.0950692 -0.161321
internal_weight=557 461 396 310 111 199 141
internal_count=557 461 396 310 111 199 141
is_linear=0
shrinkage=0.0633286


Tree=89
num_leaves=8
num_cat=0
split_feature=17 6 13 6 10 17 5
split_gain=2736.24 3577.18 2493.72 1790.31 1297.07 706.802 382.824
threshold=-5.9164999999999983 93.937500000000014 92.791500000000013 80.854000000000013 9.5000000000000018 -1.228999999999999 205.31250000000003
decision_type=2 2 2 2 2 2 2
left_child=2 3 -1 4 5 -2 -7
right_child=1 -3 -4 -5 -6 6 -8
leaf_value=-0.05079472418760371 0.12675407929636331 0.38193436753016158 -0.58945195454549604 -0.35823931433199901 0.25572527357603647 -0.034267085016585493 -0.24459795637748563
leaf_weight=81 54 96 60 64 67 67 72
leaf_count=81 54 96 60 64 67 67 72
internal_value=-0.0386321 0.0424045 -0.280015 -0.0581985 0.0156597 -0.0676808 -0.143217
internal_weight=561 420 141 324 260 193 139
internal_count=561 420 141 324 260 193 139
is_linear=0
shrinkage=0.0633286


Tree=90
num_leaves=8
num_cat=0
split_feature=4 4 6 3 3 14 4
split_gain=1590.88 1846.42 1416.05 2196.91 1684.73 1209.09 382.962
threshold=32.481500000000004 20.968500000000002 74.146000000000015 19.544000000000004 14.716500000000002 65.208000000000013 4.777000000000001
decision_type=2 2 2 2 2 2 2
left_child=1 2 4 -4 5 -1 -7
right_child=-2 -3 3 -5 -6 6 -8
leaf_value=-0.12988488276879709 0.30018240862548728 -0.32965646820211153 -0.012577595617101398 0.49835634029304304 -0.30501884883035718 0.056645956648818017 0.29191496785037568
leaf_weight=98 65 72 90 54 83 55 56
leaf_count=98 65 72 90 54 83 55 56
internal_value=0.00519026 -0.0325558 0.0165079 0.179027 -0.0636389 0.032222 0.175343
internal_weight=573 508 436 144 292 209 111
internal_count=573 508 436 144 292 209 111
is_linear=0
shrinkage=0.0633286


Tree=91
num_leaves=8
num_cat=0
split_feature=8 23 3 15 0 2 0
split_gain=2558.22 2487.04 1458.64 3306.6 1993.64 790.054 486.507
threshold=40.979500000000009 1.0000000180025095e-35 22.710500000000003 77.250166666666686 104.25000000000001 66.220500000000015 63.271000000000008
decision_type=2 2 2 2 2 2 2
left_child=-1 2 3 5 -4 6 -2
right_child=1 -3 4 -5 -6 -7 -8
leaf_value=0.46379374398519557 -0.17910455910782433 0.3859548614460297 0.38812825862741318 -0.43371114817900502 -0.081878122963620001 0.22278836692536091 0.075051127936252529
leaf_weight=54 67 60 61 97 89 56 55
leaf_count=54 67 60 61 97 89 56 55
internal_value=0.0503271 0.00428998 -0.0495936 -0.136241 0.10926 0.0258659 -0.0645268
internal_weight=539 485 425 275 150 178 122
internal_count=539 485 425 275 150 178 122
is_linear=0
shrinkage=0.0633286


Tree=92
num_leaves=9
num_cat=0
split_feature=8 8 3 2 10 5 3 4
split_gain=2679.45 2000.47 2623.03 1287.37 1620.18 1917.16 1122.37 772.781
threshold=40.167000000000009 55.166500000000006 34.51850000000001 95.90000000000002 8.5000000000000018 348.54200000000003 17.531500000000005 5.9730000000000008
decision_type=2 2 2 2 2 2 2 2
left_child=-1 -2 3 4 6 -6 7 -3
right_child=1 2 -4 -5 5 -7 -8 -9
leaf_value=0.44846351915642085 -0.33778342109099552 -0.13064446695004811 0.42991830383284457 -0.31688863945903362 -0.012025145402695512 0.48014811903245791 -0.33562342157781644 0.15314818881131487
leaf_weight=54 69 87 57 54 77 54 56 69
leaf_count=54 69 87 57 54 77 54 56 69
internal_value=0.0237648 -0.020087 0.0281985 -0.0294809 0.0157684 0.190859 -0.0924253 -0.00512046
internal_weight=577 523 454 397 343 131 212 156
internal_count=577 523 454 397 343 131 212 156
is_linear=0
shrinkage=0.0633286


Tree=93
num_leaves=8
num_cat=0
split_feature=0 1 4 6 8 17 16
split_gain=1797.46 3135.88 2553.97 1761.24 1278.06 804.272 286.3
threshold=141.06250000000003 33.308500000000002 12.664500000000002 85.937500000000014 76.646000000000015 1.8125000000000002 3.797828512392289
decision_type=2 2 2 2 2 2 2
left_child=1 2 4 -3 5 -1 -6
right_child=-2 3 -4 -5 6 -7 -8
leaf_value=0.26790683616097877 -0.31350479846009632 0.064904938889152122 -0.33241745672941714 0.5605897066570944 -0.22782411525903884 -0.023900021721256225 -0.024337186511865418
leaf_weight=95 74 58 105 57 57 63 54
leaf_count=95 74 58 105 57 57 63 54
internal_value=-0.0226285 0.0213907 -0.0675377 0.310597 0.0358557 0.151555 -0.128833
internal_weight=563 489 374 115 269 158 111
internal_count=563 489 374 115 269 158 111
is_linear=0
shrinkage=0.0633286


Tree=94
num_leaves=7
num_cat=0
split_feature=0 10 4 17 17 15
split_gain=1405.14 2930.89 3116.11 1134.28 896.155 988.871
threshold=141.06250000000003 8.5000000000000018 12.331000000000001 -6.8334999999999999 -1.3335000000000006 81.937666666666686
decision_type=2 2 2 2 2 2
left_child=1 3 -3 -1 -5 -6
right_child=-2 2 -4 4 5 -7
leaf_value=-0.29569497485593738 -0.23739527467453331 -0.01725191508960543 0.50128278874870202 0.20631106227506363 -0.21101728068934353 0.12969259650167997
leaf_weight=71 78 91 95 59 93 54
leaf_count=71 78 91 95 59 93 54
internal_value=0.0112607 0.0531517 0.247593 -0.0774129 -0.00217774 -0.0858585
internal_weight=541 463 186 277 206 147
internal_count=541 463 186 277 206 147
is_linear=0
shrinkage=0.0633286


Tree=95
num_leaves=8
num_cat=0
split_feature=5 15 8 8 2 0 7
split_gain=2284.14 3124.17 925.346 1847.2 820.358 939.539 389.085
threshold=823.25000000000011 107.34733333333334 72.666500000000013 58.437500000000007 44.698000000000008 82.354500000000016 28.412500000000005
decision_type=2 2 2 2 2 2 2
left_child=1 2 3 -1 -4 6 -6
right_child=-2 -3 4 -5 5 -7 -8
leaf_value=0.088549586760041918 -0.32601859077491635 0.34218123051513072 0.20997091560677034 -0.38100207520035601 -0.27301336295228568 0.16320763289887216 -0.052215602685660674
leaf_weight=56 93 95 62 84 57 55 73
leaf_count=56 93 95 62 84 57 55 73
internal_value=-0.0386733 0.0167699 -0.0631127 -0.193183 0.0106121 -0.0562015 -0.149029
internal_weight=575 482 387 140 247 185 130
internal_count=575 482 387 140 247 185 130
is_linear=0
shrinkage=0.0633286


Tree=96
num_leaves=9
num_cat=0
split_feature=3 8 8 4 7 14 2 4
split_gain=5765.77 1795.47 1924.75 3870.85 713.492 988.551 854.828 736.232
threshold=37.669000000000004 49.437500000000007 64.916500000000013 15.017000000000001 28.996000000000006 78.771000000000015 52.952000000000005 5.9645000000000001
decision_type=2 2 2 2 2 2 2 2
left_child=1 -1 -3 4 5 6 -4 -6
right_child=-2 2 3 -5 7 -7 -8 -9
leaf_value=0.37594421623325869 -0.51357452558667205 -0.33102879522981027 -0.16781587238593043 0.47731892461565989 -0.057186542008781538 -0.33981115694433672 0.17310403748126854 0.24413694394490754
leaf_weight=65 80 55 65 75 71 54 54 60
leaf_count=65 80 55 65 75 71 54 54 60
internal_value=-0.0144728 0.0655452 0.0190554 0.0698606 -0.030666 -0.11509 -0.0131124 0.0808257
internal_weight=579 499 434 379 304 173 119 131
internal_count=579 499 434 379 304 173 119 131
is_linear=0
shrinkage=0.0633286


Tree=97
num_leaves=9
num_cat=0
split_feature=1 3 15 7 1 13 5 15
split_gain=2193.58 2852.8 1933.36 1778.35 1167.61 2134.26 689.183 455.199
threshold=56.93950000000001 34.933500000000002 107.34733333333334 30.723000000000003 26.118500000000004 74.104000000000013 243.29150000000001 63.500166666666679
decision_type=2 2 2 2 2 2 2 2
left_child=1 2 3 4 5 6 7 -1
right_child=-2 -3 -4 -5 -6 -7 -8 -9
leaf_value=0.097743862585893876 0.41463526598751727 -0.42823366106320371 0.33965660021941285 0.32568691169519187 -0.2515344402326164 0.30420108409268043 -0.27459603891839596 -0.15191547787663603
leaf_weight=64 54 58 74 54 97 70 64 54
leaf_count=64 54 58 74 54 97 70 64 54
internal_value=0.0299632 -0.0088648 0.0421291 -0.012505 -0.0648342 0.00703191 -0.107266 -0.0165076
internal_weight=589 535 477 403 349 252 182 118
internal_count=589 535 477 403 349 252 182 118
is_linear=0
shrinkage=0.0633286


Tree=98
num_leaves=8
num_cat=0
split_feature=1 5 2 13 15 5 17
split_gain=2347.05 2708.52 2280.64 2850.49 1779.54 703.84 888.544
threshold=25.800000000000001 348.54200000000003 101.85250000000001 113.62500000000001 87.708166666666671 225.33350000000004 -0.97950000000000148
decision_type=2 2 2 2 2 2 2
left_child=1 5 3 4 -2 6 -1
right_child=2 -3 -4 -5 -6 -7 -8
leaf_value=0.25760776605113567 -0.34430233221739326 0.50163348748150294 0.13217763916064812 -0.57082089151437609 0.14688709014305668 -0.14314892631806217 -0.073517699135899034
leaf_weight=65 55 54 76 79 64 84 65
leaf_count=65 55 54 76 79 64 84 65
internal_value=-0.0323907 0.10086 -0.162723 -0.275917 -0.0801351 -0.000273728 0.0920464
internal_weight=542 268 274 198 119 214 130
internal_count=542 268 274 198 119 214 130
is_linear=0
shrinkage=0.0633286


Tree=99
num_leaves=8
num_cat=0
split_feature=5 14 8 6 4 4 6
split_gain=2994.35 2633.83 1652.77 1333.29 580.419 918.963 519.934
threshold=812.50000000000011 118.35450000000002 58.666500000000006 82.270500000000013 4.527000000000001 6.6710000000000012 61.812500000000007
decision_type=2 2 2 2 2 2 2
left_child=1 2 -1 4 -4 -6 -7
right_child=-2 -3 3 -5 5 6 -8
leaf_value=0.28058262716861715 -0.38227333191166801 0.43928187021017362 -0.15829284027796825 -0.33186837772574629 0.20844723950572885 0.090286601636225788 -0.17044716263987225
leaf_weight=71 70 64 69 58 89 54 71
leaf_count=71 70 64 69 58 89 54 71
internal_value=0.00445271 0.0613255 0.00261206 -0.0552657 0.00142497 0.0529237 -0.0578105
internal_weight=546 476 412 341 283 214 125
internal_count=546 476 412 341 283 214 125
is_linear=0
shrinkage=0.0633286


Tree=100
num_leaves=9
num_cat=0
split_feature=0 1 5 7 20 13 14 13
split_gain=2270.41 1551.73 1632.77 1242.22 775.838 607.193 685.284 192.001
threshold=144.70850000000004 32.769000000000013 460.7915000000001 26.679500000000001 1.0000000180025095e-35 68.250000000000014 62.375000000000007 79.750000000000014
decision_type=2 2 2 2 2 2 2 2
left_child=1 2 3 -1 -3 6 -5 -7
right_child=-2 4 -4 5 -6 7 -8 -9
leaf_value=0.27873187839689562 -0.39547703905005183 0.38257608656157344 -0.32215898890188815 -0.085857914860580767 0.057620910434810164 -0.20927555096200787 0.20880013137180048 -0.055652689588832543
leaf_weight=58 61 57 71 67 61 73 60 59
leaf_count=58 61 57 71 67 61 73 60 59
internal_value=-0.0305018 0.0134985 -0.0476603 0.013822 0.214594 -0.045503 0.0533516 -0.140613
internal_weight=567 506 388 317 118 259 127 132
internal_count=567 506 388 317 118 259 127 132
is_linear=0
shrinkage=0.0633286


Tree=101
num_leaves=8
num_cat=0
split_feature=17 1 13 10 15 6 14
split_gain=2252.11 2174.73 2058.09 1887.86 1704.87 884.024 602.387
threshold=-1.3960000000000006 50.044000000000004 96.958000000000013 8.5000000000000018 82.750000000000014 79.833500000000015 67.354500000000016
decision_type=2 2 2 2 2 2 2
left_child=2 3 4 5 -1 6 -2
right_child=1 -3 -4 -5 -6 -7 -8
leaf_value=-0.18726964946959998 -0.13043142806298602 0.48457493930256451 -0.46139383636777415 0.2626690125400345 0.2436042920831322 -0.29291623814197987 0.15945540818238915
leaf_weight=98 57 54 60 100 59 55 58
leaf_count=98 57 54 60 100 59 55 58
internal_value=0.0119669 0.11771 -0.145917 0.0443342 -0.0253479 -0.0840995 0.0157726
internal_weight=541 324 217 270 157 170 115
internal_count=541 324 217 270 157 170 115
is_linear=0
shrinkage=0.0633286


Tree=102
num_leaves=7
num_cat=0
split_feature=8 5 1 13 13 13
split_gain=1969.89 1782.86 3958.13 2141.25 1001.43 1040.66
threshold=82.104000000000013 739.14550000000008 36.385500000000008 91.083500000000015 63.708500000000008 76.146000000000015
decision_type=2 2 2 2 2 2
left_child=1 2 3 4 -1 -6
right_child=-2 -3 -4 -5 5 -7
leaf_value=0.14949220020976067 0.30240732037858836 -0.32442968859683829 0.43741294478125231 -0.43440872038607453 -0.24926034379208212 0.045357067720091397
leaf_weight=81 56 106 61 68 106 88
leaf_count=81 56 106 61 68 106 88
internal_value=-0.0541231 -0.0932725 -0.0326212 -0.116215 -0.0375321 -0.11562
internal_weight=566 510 404 343 275 194
internal_count=566 510 404 343 275 194
is_linear=0
shrinkage=0.0633286


Tree=103
num_leaves=9
num_cat=0
split_feature=6 17 6 8 6 6 10 17
split_gain=1896.14 2628.04 2388.55 3607.97 1775.73 516.477 891.484 852.942
threshold=101.58350000000002 7.1244999999999985 74.146000000000015 71.312500000000014 78.000000000000014 59.187500000000007 6.5000000000000009 -1.228999999999999
decision_type=2 2 2 2 2 2 2 2
left_child=1 2 5 -4 -3 7 -7 -1
right_child=-2 4 3 -5 -6 6 -8 -9
leaf_value=0.18984186847797799 0.27964644609187611 -0.084372734235824781 -0.032812268911720968 0.64606954406634831 -0.57926779477335799 -0.35482181686316905 -0.01226126913865121 -0.15274336615110659
leaf_weight=55 81 63 75 54 54 59 63 62
leaf_count=55 81 63 75 54 54 59 63 62
internal_value=-0.00398173 -0.0513515 0.0317706 0.251376 -0.312791 -0.0867623 -0.177929 0.00830144
internal_weight=566 485 368 129 117 239 122 117
internal_count=566 485 368 129 117 239 122 117
is_linear=0
shrinkage=0.0633286


Tree=104
num_leaves=8
num_cat=0
split_feature=0 4 20 10 3 10 7
split_gain=2385.15 2259.51 1588.96 1597.38 459.318 1101.9 881.896
threshold=144.70850000000004 23.150500000000005 1.0000000180025095e-35 9.5000000000000018 10.248000000000003 4.5000000000000009 28.566500000000005
decision_type=2 2 2 2 2 2 2
left_child=1 2 3 4 6 -6 -1
right_child=-2 -3 -4 -5 5 -7 -8
leaf_value=-0.12259758769228006 -0.34917752077980102 0.40073307625158827 -0.27053160934918646 0.31484021962748193 0.13742634466682085 -0.22236270444436393 0.20698820476207194
leaf_weight=54 63 69 68 79 55 90 82
leaf_count=54 63 69 68 79 55 90 82
internal_value=0.017906 0.0644388 0.0102216 0.0632539 -0.00747836 -0.085891 0.0761234
internal_weight=560 497 428 360 281 145 136
internal_count=560 497 428 360 281 145 136
is_linear=0
shrinkage=0.0633286


Tree=105
num_leaves=9
num_cat=0
split_feature=15 7 0 1 15 15 17 3
split_gain=1588.67 3057.06 3683.86 1490.73 1432.33 1955.72 1232.55 970.833
threshold=142.95833333333334 26.679500000000001 113.12500000000001 25.800000000000001 77.409833333333339 69.604166666666671 -1.853999999999999 9.666500000000001
decision_type=2 2 2 2 2 2 2 2
left_child=1 2 3 -1 5 7 -6 -3
right_child=-2 4 -4 -5 6 -7 -8 -9
leaf_value=0.28568892002585933 -0.29626651678970772 0.057155659094553349 0.66263524855926603 -0.17478898762239392 -0.020612918920921808 0.31978717151453612 -0.42380922825780792 -0.28157239896594055
leaf_weight=54 63 71 59 59 55 64 68 65
leaf_count=54 63 71 59 59 55 64 68 65
internal_value=0.0032528 0.0413744 0.257041 0.0452635 -0.0734707 0.0311117 -0.243521 -0.104738
internal_weight=558 495 172 113 323 200 123 136
internal_count=558 495 172 113 323 200 123 136
is_linear=0
shrinkage=0.0633286


Tree=106
num_leaves=7
num_cat=0
split_feature=0 7 17 1 4 1
split_gain=1977.26 2623.25 1841.6 2416.63 1298.64 960.469
threshold=77.812500000000014 21.510000000000002 6.2704999999999993 29.925000000000001 9.1920000000000019 18.404000000000003
decision_type=2 2 2 2 2 2
left_child=4 -2 3 -3 5 -1
right_child=1 2 -4 -5 -6 -7
leaf_value=0.15579972688845584 0.15656035561700851 -0.41224941639848972 -0.48207871718949752 0.094494160226332821 0.30306804829711331 -0.1467840110579621
leaf_weight=79 87 65 87 90 81 90
leaf_count=79 87 65 87 90 81 90
internal_value=-0.0396654 -0.14168 -0.248899 -0.118014 0.0945862 -0.00533938
internal_weight=579 329 242 155 250 169
internal_count=579 329 242 155 250 169
is_linear=0
shrinkage=0.0633286


end of trees

feature_importances:
SO2=86
PM2.5=73
Humidity=67
Temperature=62
PM10=48
O3=46
month=46
AQI_roll_mean_3=43
AQI_lag_2=39
CO=38
NO2=37
AQI=36
AQI_roll_std_3=34
AQI_diff=34
AQI_lag_1=29
season_Winter=7
season_Spring=6
weekday_1=3
weekday_3=3
weekday_4=3
season_Summer=2
weekday_5=1

parameters:
[boosting: gbdt]
[objective: regression]
[metric: rmse]
[tree_learner: serial]
[device_type: cpu]
[data_sample_strategy: bagging]
[data: ]
[valid: ]
[num_iterations: 3000]
[learning_rate: 0.0633286]
[num_leaves: 215]
[num_threads: 0]
[seed: 42]
[deterministic: 0]
[force_col_wise: 0]
[force_row_wise: 1]
[histogram_pool_size: -1]
[max_depth: -1]
[min_data_in_leaf: 54]
[min_sum_hessian_in_leaf: 0.001]
[bagging_fraction: 0.666941]
[pos_bagging_fraction: 1]
[neg_bagging_fraction: 1]
[bagging_freq: 1]
[bagging_seed: 400]
[bagging_by_query: 0]
[feature_fraction: 0.989797]
[feature_fraction_bynode: 1]
[feature_fraction_seed: 30056]
[extra_trees: 0]
[extra_seed: 12879]
[early_stopping_round: 0]
[early_stopping_min_delta: 0]
[first_metric_only: 0]
[max_delta_step: 0]
[lambda_l1: 0]
[lambda_l2: 0.00188537]
[linear_lambda: 0]
[min_gain_to_split: 0]
[drop_rate: 0.1]
[max_drop: 50]
[skip_drop: 0.5]
[xgboost_dart_mode: 0]
[uniform_drop: 0]
[drop_seed: 17869]
[top_rate: 0.2]
[other_rate: 0.1]
[min_data_per_group: 100]
[max_cat_threshold: 32]
[cat_l2: 10]
[cat_smooth: 10]
[max_cat_to_onehot: 4]
[top_k: 20]
[monotone_constraints: ]
[monotone_constraints_method: basic]
[monotone_penalty: 0]
[feature_contri: ]
[forcedsplits_filename: ]
[refit_decay_rate: 0.9]
[cegb_tradeoff: 1]
[cegb_penalty_split: 0]
[cegb_penalty_feature_lazy: ]
[cegb_penalty_feature_coupled: ]
[path_smooth: 0]
[interaction_constraints: ]
[verbosity: -1]
[saved_feature_importance_type: 0]
[use_quantized_grad: 0]
[num_grad_quant_bins: 4]
[quant_train_renew_leaf: 0]
[stochastic_rounding: 1]
[linear_tree: 0]
[max_bin: 255]
[max_bin_by_feature: ]
[min_data_in_bin: 3]
[bin_construct_sample_cnt: 200000]
[data_random_seed: 175]
[is_enable_sparse: 1]
[enable_bundle: 1]
[use_missing: 1]
[zero_as_missing: 0]
[feature_pre_filter: 1]
[pre_partition: 0]
[two_round: 0]
[header: 0]
[label_column: ]
[weight_column: ]
[group_column: ]
[ignore_column: ]
[categorical_feature: ]
[forcedbins_filename: ]
[precise_float_parser: 0]
[parser_config_file: ]
[objective_seed: 16083]
[num_class: 1]
[is_unbalance: 0]
[scale_pos_weight: 1]
[sigmoid: 1]
[boost_from_average: 1]
[reg_sqrt: 0]
[alpha: 0.9]
[fair_c: 1]
[poisson_max_delta_step: 0.7]
[tweedie_variance_power: 1.5]
[lambdarank_truncation_level: 30]
[lambdarank_norm: 1]
[label_gain: ]
[lambdarank_position_bias_regularization: 0]
[eval_at: ]
[multi_error_top_k: 1]
[auc_mu_weights: ]
[num_machines: 1]
[local_listen_port: 12400]
[time_out: 120]
[machine_list_filename: ]
[machines: ]
[gpu_platform_id: -1]
[gpu_device_id: -1]
[gpu_use_dp: 0]
[num_gpu: 1]

end of parameters

pandas_categorical:[]
